213028
235159
234631
227559
229385
209746
201929
218376
190925
234400
239148
203025
215749
194576
243309
239714
227550
201041
209438
225597
210037
221448
218203
209673
238464
247490
216637
234731
230681
203041
216748
230326
207785
201975
209220
240615
229427
192148
225465
232463
216420
212703
256109
210314
231569
241355
250503
223308
217462
236227
220163
237024
211867
210857
229121
246596
220889
215859
220851
219588
222690
205169
214811
237569
208576
227031
226524
209337
236397
251276
222634
225340
191706
234931
220492
254991
195686
214034
229688
206445
219067
224752
233198
243257
222216
209264
218071
214762
219895
207332
216852
215460
222222
224403
246262
204302
207265
220387
245488
200417
196666
228410
230155
253299
210063
216147
250668
218217
227228
215334
222975
223130
199717
251362
237073
189871
239970
225129
228875
221494
230254
248484
217795
213025
223045
219458
184558
221206
209263
207621
213558
237689
196325
221836
207892
223569
213279
207539
224105
204538
206696
228784
212307
230482
223100
252695
250139
226134
210659
226893
235439
221120
212541
205969
213549
223907
210530
246221
206617
186420
202030
217576
233205
194871
203143
244146
182364
237692
208309
202662
228711
201480
209590
226599
258564
207830
227839
238497
236364
235022
210165
236191
257572
225508
229047
230027
230114
240605
200927
234487
206444
209741
212777
215788
219643
220260
236299
228086
208451
216892
225549
211469
220959
226586
234489
229019
209380
206797
193049
240859
224499
222098
217726
243724
228910
231012
211705
246201
244950
232647
210868
210265
225787
221906
224998
208758
217312
239967
209646
217253
215943
200719
234217
256987
206496
207392
226970
226751
196843
215555
246128
217904
245537
220913
228683
207885
231954
214305
211811
225404
217525
238325
231268
250867
233239
222802
188133
217559
216638
209120
216888
232523
199328
212441
218051
214184
224103
232427
203767
204034
210656
231858
246610
214397
220537
247822
211955
214597
234706
213119
202097
223503
199692
237994
229783
223655
225976
227980
238443
238200
217206
233838
241573
226054
230524
211441
228042
230543
191248
203769
231278
231201
229845
209229
248094
219758
202312
221946
217606
229104
217383
239201
232564
212708
235089
228013
207443
209424
231673
221231
188505
218843
213712
202504
233837
222125
219843
208157
244971
240283
222445
213766
218852
221793
208190
208059
233786
226293
242076
232691
201958
203590
232252
222736
205945
223890
245472
206131
231167
227386
219593
204275
219880
225905
200970
213574
199036
244353
208693
229735
226601
224607
223324
223674
193097
231177
232265
229979
213870
221778
230532
240799
242324
228247
227613
234634
231653
216275
237011
230418
191386
211931
234833
215947
226014
220644
231430
237528
239863
222084
222907
216429
227762
211059
218177
228677
225374
241921
229967
201398
212573
215293
234752
200145
200882
218529
210062
213556
235804
211130
231089
180842
224380
242048
227057
215753
216002
233455
233902
209114
206351
231046
226048
210959
217800
217721
244758
213384
224501
210202
207918
236491
211142
243323
216117
269042
231323
216613
225801
204442
195363
238650
207156
213491
205049
227667
217999
245569
225086
232790
238957
215195
219769
215836
246661
251548
201566
219334
224446
212463
206693
210286
202292
238417
239173
197207
214743
210346
236857
219491
223278
213615
231321
200436
250968
228148
219947
216045
212333
236834
244349
218682
213031
230027
230941
209130
204694
228674
212200
233225
203975
226940
230540
220794
206089
212200
199727
220525
229407
226295
214722
215734
211197
220575
233342
232980
235183
247625
216293
218380
215745
217708
223446
242430
219281
221419
217194
217862
207057
232243
239870
237380
232744
204750
232672
209964
231259
204261
197206
229527
211313
251390
236477
233769
228754
222047
186369
216292
208881
213286
246572
221841
192162
218218
259293
238114
226288
206984
227311
210718
208337
220144
212194
209827
240733
205192
228475
215436
212352
226352
212910
225526
216290
213421
200749
203520
253973
222799
229726
240646
243790
205847
223132
213037
215030
204459
214038
199613
217864
219765
227044
241215
216664
217305
210195
216388
208612
229697
236881
205984
231821
201425
236798
208352
264329
221744
213697
202347
232353
220571
187403
218110
203682
226032
235753
228245
245713
213420
218763
241177
221839
234069
220119
227302
209959
231971
203687
231161
189671
207114
207077
225245
196701
235322
214445
230232
216078
238388
213766
238152
191923
227921
217850
236715
245476
219261
213595
217347
226724
237875
223810
222295
238810
223365
252867
235362
216440
233172
215909
216189
217540
226233
230275
230026
221628
222218
252888
221800
204357
233074
221380
235144
228111
191632
221194
234193
222415
203027
226199
243424
217728
226605
215288
215911
189255
184512
206433
228673
209862
214152
211787
210901
207127
212980
209718
231237
226012
240910
237846
237314
207851
194521
221299
218045
219787
230647
235443
216908
203667
206557
237112
230908
204409
234096
225886
225919
237123
208927
199394
218872
215495
258760
254837
239132
239837
230840
228877
218295
246203
230686
210889
224947
213125
219346
212379
220172
220395
204532
247902
227885
221991
242640
233269
218008
221038
232814
239155
210647
213043
236857
227218
221396
220270
197852
216253
245964
225653
224235
234409
232474
244349
224406
206791
205531
244768
215472
226628
203513
233176
246583
238783
214675
229921
254250
216081
223408
227226
229688
245746
216240
234872
202696
221607
231581
210293
240732
229751
243399
238234
201962
220830
200932
227517
243076
199913
226868
212363
236979
252346
231927
227819
218162
215400
230326
224238
236258
225344
203699
230555
232743
220803
222282
224496
229395
226234
197316
211077
216254
237995
237067
186848
211982
221161
237231
216999
219646
219516
219912
213838
232069
241988
192838
222966
230691
219088
213608
220756
217580
242762
224666
236607
240966
194860
240151
209129
213234
200308
216449
219333
218478
215198
222031
237895
231752
249089
218035
226014
223198
238335
190655
211298
190933
236979
201840
213712
208795
224753
234859
219758
231830
217532
215841
223329
202893
216851
224761
224190
234662
236798
221193
213878
227498
242601
230330
196507
226209
228561
216460
212281
225524
229930
235317
203993
225518
210769
192054
197705
217792
246143
211140
230022
220143
201540
202055
227338
240175
219415
233012
198447
211426
238459
217186
203522
219841
211212
222347
246476
236389
227936
228090
239770
241582
226892
237408
221096
219883
207614
227212
225154
212622
216406
219057
228858
215922
226449
230658
251802
228618
238726
207104
235336
232733
226558
230128
217692
211771
236694
227442
214361
228140
228926
198482
203777
199761
210694
234706
216138
214942
251734
260859
207569
233143
252915
232037
198993
231066
225061
209849
226059
228283
229196
216418
216313
221490
218377
214667
228214
212744
219916
222989
242861
232501
222555
223923
229161
235983
211636
229707
215470
219969
202971
251088
223928
232873
211015
241255
212796
203789
218115
218931
212852
231903
225743
224300
259487
207095
216211
215541
202213
227290
221679
207603
190233
202154
219886
229283
203590
219528
222887
208154
232460
219922
224408
225091
246261
214130
214514
197663
206084
236794
238451
204858
224126
247360
214390
217384
223466
206756
225225
180870
226228
214333
217752
215218
204777
202319
200750
221546
211009
241102
218073
226631
197916
228546
202298
240786
226104
206629
217977
232427
213433
222237
242115
247290
223688
230326
232864
196267
192925
226526
198465
223595
223628
205838
190028
232275
236811
219775
212109
223569
237737
228096
241576
203353
242242
218318
203131
228939
234370
212064
208357
223989
246711
214162
210506
202576
200737
202789
206659
234385
229859
225477
229433
207510
221815
223531
193401
265495
221785
203295
238092
208096
205786
192881
230266
214826
222376
226351
230346
237444
220245
236181
241420
211105
233789
220308
212586
229531
235574
218874
204754
249076
231579
223536
198339
253343
220749
194688
222812
230703
209805
232292
230783
241426
209061
234381
206034
195949
264452
213477
210383
225119
243682
237493
237096
202447
219832
211046
222593
192143
221162
214936
220845
222923
221507
197625
197657
217773
225487
245964
238369
226039
224132
231710
195133
238559
208124
230020
232204
220572
223748
229165
226134
230650
218985
224018
228885
232032
227142
205900
225111
206740
238384
238810
239133
238841
230273
213291
189731
226885
232611
212625
223012
211469
232809
227973
226881
230569
205389
228930
185317
235423
219528
242356
205835
199102
213497
206556
215260
218831
196784
236939
219534
214196
215714
243276
206532
205596
239927
225332
239823
244999
225090
226440
237713
241000
219353
232114
207015
231567
236494
207278
226568
218713
195493
241654
218757
216963
215016
222587
224425
247442
180929
227772
217258
201144
226552
221849
234478
231364
194808
216323
211018
208152
231593
202140
236822
211092
237493
232684
221444
229466
205822
260189
247515
197770
236277
173867
189040
235126
229626
208644
214810
205914
218283
198569
198577
222682
208972
240627
256977
234885
240626
198407
217301
229577
244704
213687
241292
242141
224232
226624
232258
223789
223199
212869
217207
229235
236157
201189
235753
246225
237331
199955
219918
228747
209150
229738
234875
210950
203533
203138
243117
213476
213336
222218
237574
209065
233029
193416
190751
222382
208401
210080
197050
225416
228928
216668
242717
263787
228070
213436
226118
225751
213663
211043
223902
233066
224525
252205
216982
225953
213666
222280
206935
232533
187500
238593
232252
223968
244160
220264
239359
204844
235310
216285
244551
229716
209516
217074
214119
217533
206585
239664
200925
223317
201432
235575
192875
235726
243570
199735
199383
202988
222697
221769
230975
237198
193386
251489
208945
222653
232459
236967
227027
221593
215509
221308
198979
235455
220438
198162
218495
193954
221484
211327
227939
219780
218019
197728
203803
217325
210763
222527
213920
237069
203429
223334
229372
233486
206799
242908
223052
236243
210019
214085
202736
209323
200064
232628
227124
229404
232582
210855
186137
236408
216866
238234
227170
215358
198192
238451
224027
222047
226089
207556
225146
245015
212504
218042
213801
234666
226170
231368
211773
259640
234399
231240
221316
213433
214524
210407
235979
213332
212836
246425
233786
216478
247159
220772
187868
220472
232538
242308
221369
251554
193983
221289
232012
219453
205620
195204
207361
221401
205535
220884
232226
206820
243137
228630
225005
200676
216073
252327
200740
219683
206588
221641
199887
214549
202727
210103
220928
199981
242388
204922
217113
213585
227637
222396
217684
221285
221009
222930
209935
196427
235182
220518
247266
199745
223672
201552
226701
237817
214680
211426
227096
237852
229612
239897
210243
219419
215311
248052
230766
230163
188996
231573
247461
247724
241406
217427
220194
244214
183107
208762
210418
225288
211425
224737
226454
240904
208079
201076
220719
233404
232264
219261
224197
235849
220633
226313
208458
191195
212078
219966
200278
249652
202851
203157
210497
213015
232593
234378
243316
224906
215600
213912
232355
213826
213722
218871
215753
228559
215700
217658
226596
227689
201839
231268
234415
211646
258419
216724
213764
216065
233040
225100
229763
238368
203057
215961
216196
223895
236086
246154
225021
224790
219690
183215
256041
207491
205570
208864
214465
242867
227790
235501
225697
248374
261461
226418
204287
237137
211770
254496
213563
221752
232287
209656
201883
226718
217742
203793
212924
187735
206583
225351
226990
228618
214203
220422
218662
222449
206808
219263
219217
228166
213619
237827
225326
240321
229667
244472
208414
217777
204939
245438
233949
226186
211977
219102
213910
225343
203013
227123
239352
224690
214383
212646
215686
226822
221687
231107
218153
215088
199477
228661
216434
198589
244709
211889
230781
241976
209471
231743
210344
224332
231069
230437
210597
226147
229048
222028
204611
223668
207619
191734
242432
210017
229415
215049
240490
231954
201013
223144
228639
242365
223536
219945
199359
226862
235267
204540
204310
223221
241489
235994
221809
235228
190331
234737
224112
224984
232989
253187
239846
223201
212863
246126
222422
217525
217523
213435
213273
208194
214961
227582
237099
196351
210680
192527
219945
208135
260523
181265
223082
213980
225572
199635
258650
254547
216651
223183
201313
215095
232455
242071
217210
223223
225009
229591
217809
228233
227097
249531
199040
229345
215473
210299
204073
215870
234953
233082
204070
238048
225997
259447
230774
206695
202764
227223
213959
195619
187991
226933
208087
203635
230421
199256
224481
218979
226366
200985
247038
225892
199882
228964
187228
258262
208711
248017
245437
211007
229862
191336
238278
228784
200561
222666
226538
240248
233083
214855
242050
213157
223377
228535
208826
228018
197827
210250
208077
224499
210266
221908
195736
216729
218733
223890
234341
222828
229154
223987
226985
205670
216382
213167
230351
219702
219437
205938
237534
194712
220272
221523
203076
225820
239705
212262
205254
223742
230622
212221
213841
234495
208174
230928
221392
226549
258234
216103
247554
215098
181219
218670
216526
215907
227584
210330
208001
185374
228019
202817
226054
224562
219867
247004
199308
225485
205759
220084
202550
208278
237202
229741
219772
209742
214267
233848
230141
213198
209179
216259
236053
221600
229834
227917
224529
229550
197846
233164
220835
215730
223251
237251
207599
221067
210087
230868
200204
263480
226190
221516
218974
239880
210506
230684
216322
250320
237567
225373
211233
243968
220366
227427
238916
240273
210995
213077
216540
233064
226410
213502
199670
237194
238178
237204
230579
225172
228883
229855
237921
224533
205186
205074
224281
235196
221648
211820
219225
238444
220549
215430
212517
226961
217194
247538
220649
211036
241062
203289
246740
221205
233597
202012
236475
193551
235292
219359
224765
220065
214362
213861
215572
212540
237582
218774
214471
224971
221177
227995
205762
220521
225880
236400
226580
219541
251248
234812
203775
242139
209781
227871
223560
204019
224140
199998
190630
207076
208694
218219
197988
232821
215540
216661
214501
247255
186322
210268
233150
254598
224947
213636
222521
225060
188994
211425
219805
233942
199076
242482
234166
221976
197783
218496
234608
233989
212250
234523
242053
245434
215133
263000
255140
216326
185488
220023
245980
207125
235592
218660
218579
235085
215470
219858
241893
227612
220498
217443
230855
202265
201134
213329
219058
227573
224445
205702
247908
223067
229568
217339
232552
217029
237165
232216
204382
228006
201987
220302
237641
208526
216134
211428
208015
204763
228548
203013
231526
215480
194496
211597
224264
223873
213689
233474
224327
220334
217885
231252
214621
224257
218325
238520
207734
229059
189359
220176
228201
222819
202976
226009
227574
234057
222097
215268
189689
231503
212505
223131
236039
218854
221109
222212
220120
230282
227445
221857
211039
209630
203292
235956
222113
212263
226581
223037
194948
206919
225449
232823
244688
233447
237589
206676
207298
225129
230357
218888
219317
256362
216723
215398
220358
245157
203259
213086
216889
226225
216381
225679
210167
213512
243224
211741
224111
217202
221052
206183
220472
199211
239282
244674
229967
226547
240829
215760
212260
222103
260065
224934
236978
226164
228751
208463
207612
222544
221193
241326
204350
218128
237003
214402
209695
216226
220130
214510
235754
207545
231172
227852
226112
215375
217668
195623
224753
218200
224179
237010
205471
235486
222045
216815
240159
221335
228763
228050
214937
248574
227860
210585
223093
205144
205673
212336
229832
243632
235859
220745
203892
227710
233950
230462
214922
234891
238506
221351
216246
246525
222811
234063
221449
193758
239196
206931
230855
204629
215618
221395
227143
192408
220844
232894
219723
227717
233952
238642
252339
211360
233856
207107
221615
215512
209786
217438
222365
220178
246451
218008
211277
221083
203768
247875
225568
245309
235888
240767
215454
228129
255811
224201
225693
202628
226320
192734
245756
206927
217956
245083
207150
225039
209948
240248
205558
230903
213842
208981
225464
252155
233726
203250
213270
254101
204602
232247
194121
227789
212225
217103
204956
232985
224897
236606
208814
230952
237040
234176
213812
241775
201405
217252
199375
238524
222349
216362
224627
216679
232174
202229
219265
222150
183514
200586
224438
191335
215058
231524
229708
226190
229046
202174
215525
205364
206116
219433
202808
218167
232357
208542
239826
226501
208022
222552
238470
233144
215962
234247
243593
227195
240448
222404
236948
195609
237360
252194
210171
209014
237077
221061
236857
239744
219582
217213
229741
248761
215673
201631
202083
228205
202422
198101
223144
218195
233560
199761
225008
213886
242257
198430
234083
237788
205022
211869
241991
199798
209403
218635
230465
189738
237193
219574
214769
232161
227237
207249
198428
249436
238630
220163
223978
238240
205867
229623
251487
222404
196113
238654
220261
201724
237143
231653
206917
233372
217814
214759
233170
198751
222901
217036
256239
218906
204191
217346
215797
227256
245730
227180
226335
203081
208898
214574
238435
214246
223190
238424
225439
238492
222978
240931
184479
188700
225479
229165
261692
200873
228432
206672
224715
232493
230040
243995
238157
223209
249308
192286
240031
222022
235889
227005
227015
216156
236887
225940
215348
237582
244676
221320
230781
214413
209905
233874
206206
205851
238788
204046
232747
194466
216695
227266
229495
220784
201799
195314
238056
210798
199766
217133
247035
221160
236542
237519
213945
220865
211720
223195
231870
218540
218811
229545
235725
226222
235865
205953
236016
202674
227039
200036
209889
219748
232469
204520
212051
212229
253998
228120
203784
220475
212481
220561
214598
243518
230903
207968
214734
205778
254079
233942
216206
229607
220431
213297
203437
208817
231371
208022
214427
207102
213491
213203
220673
216081
215051
233648
233257
224079
228937
236388
220194
226765
202516
220956
226637
246049
234766
202845
212952
216321
217655
242108
212089
225311
251746
209722
255958
217491
255353
239926
253512
225638
228557
253175
213404
219042
240775
239445
190777
220163
203208
213244
219526
224714
210053
209015
220949
230455
216232
183624
241677
226794
218470
214870
239646
226503
220142
233184
236085
213313
214650
227323
213937
230765
188135
223670
231548
225122
252951
231415
223613
237635
179219
204123
235915
205118
218538
215048
207318
233630
224041
215514
215307
222683
213656
223329
239451
266415
201896
217628
180030
231335
197814
203575
217035
213132
201918
213680
228669
235506
228963
247677
227821
208523
237278
252531
236808
233064
229604
209839
205876
254056
223767
223300
238079
236439
210797
210102
202204
229352
220259
236636
191742
230970
223945
233444
222242
220241
230194
210947
199201
214091
233025
255822
206836
219492
212841
195034
231909
217211
202008
232440
214249
203734
200780
234303
213192
249523
196711
234118
231811
219202
219304
234554
213608
215657
220421
204141
209998
217923
234040
232357
246222
224706
215590
259015
232708
238451
232691
236706
232134
230483
208357
200069
200537
204485
227762
209255
217959
231329
223910
211137
230207
238086
204902
219702
202426
205815
228921
218288
212119
238727
228729
230615
206465
217920
231146
228971
235042
242110
209537
207645
201631
238900
221886
231628
236254
247165
207788
232743
227865
246353
231073
252284
233603
226688
220761
185117
212200
209857
236385
211919
203858
217585
226044
210227
224085
203170
214142
228055
201443
248952
210968
228331
225046
216072
227203
219531
230464
181166
223961
226675
243552
238230
216345
203312
232164
215881
200717
228603
193798
225424
216409
188247
235072
206830
234565
235760
258186
184737
236938
238780
216939
219058
210442
222251
223354
206824
187504
222500
220357
223322
247061
222681
221700
207037
233411
201273
215877
225638
212289
213602
215388
224650
249120
224435
215377
227981
240483
235479
242131
217013
236811
238022
204958
256952
226371
204065
251209
223749
209535
206839
219319
224038
227291
212821
227986
229122
220430
235351
229466
216137
207172
221236
214647
213032
229994
225077
203653
225011
218846
229991
212888
220320
210517
229887
250061
220587
203236
188926
208805
201190
223694
217875
201982
204177
193641
241428
199392
193718
214579
213955
226754
212222
244938
207421
214199
222045
230747
218890
223206
226781
219236
224602
234679
205890
226478
240658
220998
236616
203766
216069
210052
220557
195615
198766
245661
230198
224816
213840
232552
244299
255452
203500
214157
199170
220696
234943
236839
207401
225736
227480
241840
236244
208371
227564
215626
224009
222158
225982
192286
231404
242298
187742
222541
234786
202747
221843
225067
218304
229653
224142
219602
207997
225902
213739
225467
221261
219367
226195
227704
225082
241295
217008
243197
209080
199376
244738
206347
230710
207243
215122
203070
215869
214734
222708
231742
217249
215278
207651
233209
238469
206077
224576
218622
199202
226836
251236
245737
226587
226319
235766
214212
224945
191245
265606
202656
200873
213876
231675
227129
205470
262100
200458
214666
213530
205118
213430
253673
224267
179171
218244
213122
203594
216253
220518
201844
225169
223939
220697
225116
260816
216723
223385
230766
232216
215531
214025
223293
224720
255107
229142
222806
202865
217247
211357
225966
203827
223135
214722
233437
203871
221623
220729
233985
231268
198107
220706
251811
200944
221790
237697
212993
211637
214656
230490
208959
196035
223601
221087
203672
215788
193256
227359
244316
240666
233263
201852
241195
209487
235229
233374
229596
214659
200195
210573
218051
210587
217667
215638
238053
214331
241563
202595
227956
228444
237622
257238
227634
202908
208901
226401
243777
218611
214740
190077
229908
211626
233349
200166
187116
218806
198755
214593
187211
246963
221549
241270
204704
259975
235079
228334
204008
213149
211009
225202
207926
205197
245494
227457
219019
223024
231890
201949
223786
200878
221089
200854
182950
235292
195812
206791
222407
211846
258083
219508
240619
221721
240859
248502
237733
221480
218680
234600
213901
210985
226476
212684
237964
218677
199171
236168
210830
203481
216544
224449
233566
223158
205662
238707
210895
217039
229436
228145
227926
208638
202806
209774
213820
201098
210100
195672
233113
233459
256070
207851
228641
220534
230944
245329
184289
216641
220168
205828
245543
243975
220082
220159
220822
229088
222259
207079
221463
233043
227083
215798
254553
207930
221015
234104
218263
208494
221015
204569
201362
193651
223540
213221
232663
202018
207780
224665
206534
236228
209407
169347
230084
202659
240140
218953
194687
223643
219287
236969
233504
223604
226334
208692
215160
238252
233302
244559
214587
209207
218390
214755
206749
242206
224174
241042
248891
212823
236108
192718
236975
231808
215715
241062
239060
234933
201254
230892
220898
219186
230032
207018
205155
241342
220802
221852
237104
234173
205858
203121
221494
217556
222619
216814
258623
246062
218005
214372
208915
233818
195414
228305
220604
238900
232072
226606
210583
233902
224599
236218
216338
220511
211667
209893
237803
249283
202004
239542
201899
209730
197667
206263
232590
205659
240597
239288
217979
247695
241881
197667
182992
221867
220959
219289
221278
231787
213658
198744
209468
245403
217106
223544
228928
215276
223204
222366
204651
206402
235968
208111
209636
237752
220772
214369
205143
198479
214341
210392
218814
220676
216321
238312
219948
235795
188580
203309
236528
225360
196818
185597
225932
219110
234618
188383
213405
199856
222368
233031
201325
239517
206632
243527
192914
211589
203328
207871
189568
216916
212310
232569
210590
223987
233554
226580
224938
207461
216958
229721
210305
192413
223224
211595
231435
243126
240142
237954
233525
186947
229542
216924
218966
209564
213554
249366
222474
217868
221094
201399
230088
242273
215818
224898
216695
208053
250669
211749
213889
223959
211948
264709
216415
196524
228737
201275
204887
214254
227840
226869
209117
270140
234733
230442
212858
212206
227145
206750
205277
183673
223458
231335
230764
209295
223970
219872
222459
207369
214156
223455
208443
178330
221944
218550
229464
211370
207557
205940
198882
211057
225817
198420
224175
222035
213414
230810
233205
229466
203612
223584
218170
208681
212442
235939
235957
222859
227676
228843
252090
213584
207543
232461
265276
222797
217961
237299
208247
219539
245012
206905
223319
222547
212210
234302
232731
218674
231461
211351
239442
221701
204724
211150
230656
214696
198341
222460
224691
241696
216838
238358
228144
189311
195993
228273
202286
210967
233985
220570
214611
200844
226341
229253
226568
224947
217134
221555
195476
206959
202869
212080
193051
234735
221123
226081
237605
214028
220235
220407
237971
221728
221813
213014
222679
219999
219815
240306
223311
241624
231181
217743
176248
231737
221922
256508
213868
191290
188245
222712
249214
205176
226504
208134
215850
216618
217557
234287
228073
221398
195690
218750
204117
223365
224621
213683
226746
212373
222263
247938
203640
219531
264970
229605
207568
228923
234200
222994
245213
233892
224251
236746
214058
224052
227783
216458
246219
230106
233627
219699
222009
228461
218632
229378
240569
258536
226467
223382
209961
196634
217973
202455
221948
228800
209259
225043
237559
201739
229351
215473
228121
226810
188579
237514
207991
231560
240134
197885
243509
221515
230264
223493
235666
209349
233442
236790
226615
218472
211556
220064
229180
251410
195977
227434
196795
228405
235587
214751
213016
235578
194150
208770
243482
236310
228061
231659
234329
218726
200621
218212
207965
227252
238105
205958
229847
226355
231228
223627
227581
210694
224981
227205
225503
233816
224226
222019
224998
221552
212419
203341
211541
224096
241400
201258
203900
222332
236124
234832
215743
217695
211036
226458
199575
235675
229777
209771
228995
209022
202525
254057
256717
223999
223969
209140
210852
227974
246255
249837
196167
228438
229838
237179
222311
251410
210717
222843
224270
221777
235226
243943
216497
233744
222282
221677
219395
211334
235827
231529
221656
227680
193830
215342
227738
205378
237820
227938
244882
213747
218977
200024
241707
248371
233869
191062
215864
226354
234413
228922
218038
203968
197254
226203
231461
243604
223195
220398
237482
198098
213345
224003
236780
216147
224229
250135
243993
241311
233925
227155
224364
213784
205614
230659
201997
193811
239293
219196
219851
219549
225318
189631
226922
203071
222939
223658
200924
215244
213796
211636
194039
209699
239150
234442
243266
218524
241122
256042
234556
193473
211914
215101
216034
205281
225580
242538
219153
201567
228700
206690
245352
219513
225592
223820
222799
246488
211471
231763
242433
214035
227082
232865
240822
201288
203528
209849
207672
229014
227305
216361
214937
244967
218271
197072
223682
215793
206846
247454
205337
206900
233015
207374
237908
212286
227693
210204
204635
234483
202507
214373
234741
224453
232929
228337
213862
215226
211642
251232
219611
236729
222928
213973
222098
210574
252250
217883
184391
247817
216225
233265
237081
241845
211621
243254
210191
231081
212717
236329
236311
235103
245425
218103
214455
194024
229135
214217
215795
227610
225754
194276
222025
235206
224993
226031
249174
218355
221843
230560
234987
226710
242979
227351
241238
214139
218340
210121
211501
213461
219002
240743
228074
186383
205294
224223
207271
189862
241387
230953
232931
228502
225324
235741
223089
208112
236920
218424
219594
227622
208169
218512
199249
217707
201070
223103
219444
223721
221365
216466
208162
231326
252109
204315
231750
231366
252779
227842
233879
234438
243562
215343
210752
256028
227789
208932
228905
221549
225327
207776
245482
223615
241028
215260
225149
219424
231234
236134
212571
206611
206340
199393
210970
198559
218088
230376
209778
240563
204266
231467
228440
221123
230829
195885
225130
233858
218804
205978
235106
220826
215575
211777
227911
204564
214972
197253
243435
237352
219721
236885
220967
196071
221247
215930
202092
218346
202579
219243
213742
225914
218444
251339
222039
230115
211160
231253
227194
244341
216994
238395
240189
218456
230029
227559
219702
246034
214008
237008
220958
199869
214196
220817
213118
222207
200386
227658
214143
217038
229563
187231
212874
213218
214899
227375
232947
214192
252537
223599
203867
233703
253642
208356
236698
236883
229087
189753
197797
225111
234005
233267
182820
227175
236188
205503
228257
226513
244754
236043
207195
223574
247398
210489
212169
237299
220664
212569
213754
204314
227859
228238
217904
229933
216793
222478
211909
203098
221350
240780
238902
243730
205408
243436
185768
240341
215955
228835
217156
195148
239133
221450
211524
236836
224556
229477
207993
242390
224456
193898
229129
236632
213202
208569
255014
237320
215788
232496
197087
199419
229123
225276
222161
225814
228303
211836
231450
214417
219334
228246
211193
219851
222802
239043
248355
245109
204538
215848
227441
217171
237212
245008
217952
220560
242779
251848
223353
204324
243206
227759
220290
215233
231589
217055
214422
221444
220637
202583
221886
214386
233805
228427
228404
207110
216172
233878
242138
238856
222129
236328
216062
216035
196235
211229
212863
242434
227598
210996
227403
227515
222748
250915
229561
216921
212603
235140
231686
192321
239601
233128
214312
222129
230146
225452
199407
200371
219682
208354
228674
216820
215546
217651
200021
227293
229807
209814
215830
236289
208416
214255
214116
237202
201002
230709
218747
210134
200191
246056
229321
223302
234504
241214
251328
216141
223801
194548
218614
229798
238710
203042
225621
245739
212060
218652
194201
227072
201805
225236
230895
206745
241558
223504
204341
241675
213090
222815
242107
199727
225028
222022
186417
220560
210870
193369
231006
236139
245390
223176
213714
205915
233213
211115
238152
207662
242438
221912
231864
216648
230540
227825
241364
216926
213851
219023
222428
222555
205939
210129
216162
241109
215728
236911
211488
232266
237268
193988
193811
231728
215631
202519
222534
206028
183221
226955
225625
220089
237032
233498
199243
205693
223877
206417
240128
193104
236933
224560
240611
225807
207996
210592
205601
216467
231432
225409
222841
231970
197461
196346
211037
216599
236531
250772
227746
203189
247394
226910
219880
217616
238680
206796
201503
241745
244509
237492
231445
209472
200099
211553
211054
234544
217619
212259
264237
219170
211844
224782
200825
230150
206720
231067
206104
213202
227093
207715
220273
243082
218544
203198
198677
222174
224828
231418
204548
222420
207256
207292
235656
214354
210876
214578
225710
245397
193459
189380
242221
207003
205418
195103
200671
212328
200298
194683
246711
221410
225376
209209
227670
215325
195025
191577
236757
208250
222018
227864
240950
222639
204750
204034
249207
207496
210124
212633
205832
212310
246790
209555
221831
215300
225856
223603
213533
210532
239847
232984
228594
223360
213001
237476
212966
211652
214529
222338
203104
225492
256465
216100
219436
226608
224528
210457
240009
225277
204934
228215
212442
204591
215534
238992
243280
216333
240654
233858
204875
197838
210477
208079
234041
225349
227610
229274
220102
198696
191477
228620
197051
231443
249625
221389
214600
207573
212474
204780
230003
224830
231310
234415
223096
207327
221018
247724
244183
218359
241454
234082
212217
238854
228294
233297
206015
235872
223757
209681
205941
196169
237631
198824
247078
212848
227445
190457
225879
238341
267806
216063
223780
201657
208785
230923
227723
201039
232998
228236
245539
240512
214011
207513
199719
213916
231032
234909
260573
234168
226587
220671
183970
242412
228040
216871
222304
219802
218547
240885
227001
227985
215562
225019
214930
217651
238088
218072
216466
247749
224859
272183
233099
223394
222514
204000
186850
209725
242208
201666
245320
203784
242163
229654
218604
223469
207922
224158
216947
204468
228973
220336
215039
232991
215230
210927
211517
265603
214685
213164
232128
220666
224597
224221
205980
237248
214125
251602
218259
224789
227734
213614
245903
256186
225556
208036
196024
241287
222367
239993
193148
215076
232980
186824
221647
209102
214029
224357
207520
233598
202888
217625
248189
219205
239068
230476
230721
226382
208073
230153
209216
240195
222155
229712
237618
214183
225686
243021
221032
214102
214989
214506
254608
243183
203645
214958
222083
217399
228622
224157
217532
227124
207624
223675
224877
218482
237741
190027
228618
216379
229076
219289
244499
223265
205568
206432
220551
216123
223869
218809
186601
217124
206006
231386
206956
232310
228114
240563
229009
229195
218922
210604
211979
194609
222061
256094
212653
209715
213615
225966
216899
222976
236645
209997
218159
233680
207042
209095
234816
204884
234165
236032
217362
224707
226344
207421
229855
214385
237996
217743
225120
211877
239106
223804
240006
188285
225373
200334
203995
209446
241581
222931
231787
227527
214053
208602
233208
202988
210942
230744
231902
207956
208820
222760
231037
241118
215933
223105
208557
234971
231785
211656
204537
212380
210426
213219
216945
216997
229428
223313
232159
217865
213475
225149
216831
212361
202795
194013
201371
241283
223711
216960
218141
205231
211465
229062
211224
208619
263623
231609
225490
217623
215550
230093
226144
187934
245444
211335
216647
224449
228841
196526
219879
240612
208763
226582
202593
212460
222365
207175
210259
218846
240341
215193
198417
215497
240546
220541
225312
210057
215818
233036
216730
209808
216845
229554
214347
215117
252302
229963
232388
226591
267043
215477
224202
253417
227890
234391
216168
222111
242446
222754
232538
228406
236101
220871
224870
215017
217075
215106
223766
205077
206537
220609
215873
204651
239372
232439
201903
229092
212116
224833
223346
225901
233645
204213
241006
199709
212731
231819
253652
210545
221473
214234
219245
211793
212909
207360
215772
227263
218222
221331
223411
214618
209796
233945
223857
237258
230500
238706
210665
226881
225388
203118
216241
227986
218887
237755
224887
206436
221763
201729
208668
215162
233412
228709
205347
216626
211827
203089
249360
209432
217922
228470
212860
208288
216568
238937
227852
229488
239261
208653
234999
210074
205821
239399
226808
227168
207523
221383
229016
249102
197962
233908
220705
229756
224850
228455
181670
219742
207236
217149
204580
250385
203722
243914
212102
209838
205542
232269
213511
206379
228440
221934
209445
206154
224827
239205
205149
229723
194303
244033
216087
246861
205527
207751
237177
202341
224126
230202
227316
234241
231851
259651
228979
248694
242566
227833
237097
226006
234085
202525
199848
222875
194583
216970
223198
233555
218584
235626
228973
240466
236893
241873
249814
231845
219633
224375
244281
204856
209203
222678
240098
221495
181814
231278
199042
216905
234953
211104
204450
225403
220486
234949
237746
234166
218704
240987
235902
205750
231356
205656
209613
227661
199871
218577
223858
216078
206535
221995
217706
220891
211960
238226
224833
222238
244051
212927
222432
230175
230224
225442
231454
246031
237195
245054
228800
240137
230167
197893
197676
223911
233391
221650
227949
205406
227908
235812
221889
209064
221834
232253
209216
244007
205622
222485
213917
249141
194597
241561
202054
213000
225157
233770
233343
227318
228376
215488
255144
237914
237185
235219
204539
236715
201796
195181
200471
241264
211267
201793
212152
223305
209603
211272
224681
236264
232735
221792
226790
202044
225296
206110
219507
225632
180989
239448
226998
233775
233492
224366
246462
206482
186078
218871
224232
199269
231212
232326
221303
206637
211518
232454
217628
243327
203488
217795
209304
224800
223886
215145
231269
230852
223531
203079
218514
259563
202139
233828
241024
221192
223440
221122
242950
226975
233492
222263
214309
209894
243716
230339
229735
220719
208221
226531
216474
225892
188524
197206
217429
220268
234583
242882
222808
226093
208888
230719
217853
224831
211828
212917
209839
215204
221742
185699
212364
214474
229660
240866
243526
229329
260813
245534
245656
241510
220955
229075
227397
229976
204471
206998
223499
238363
213439
225899
215605
196228
195708
214893
251584
218671
190828
210811
196931
221572
215140
240592
209510
239675
210712
223648
222955
231971
243518
206919
218152
220051
223680
247851
188717
206067
236904
232414
237922
237940
212301
212960
236776
225307
218711
201956
219722
209247
215651
203569
225280
213356
213859
232621
200128
236895
233213
213819
236246
234860
242810
223991
239282
224432
227821
182640
213106
239586
228337
253925
228131
235930
200333
221397
224972
234668
222726
204343
241019
233340
239265
233383
197911
194848
233402
235371
227807
207341
224415
206722
198493
219549
217601
218111
205460
197736
230945
218416
225057
232762
231857
213823
207704
234506
209108
192203
241154
214715
232521
216306
214219
215732
231902
215439
201813
212813
205336
212731
246440
221052
217196
237139
218640
231531
190433
227881
240436
234741
195596
231305
226555
198924
224490
215404
219410
195779
231991
195544
199014
231425
227286
220079
201063
210561
205318
200932
210657
218715
236879
233068
216620
214145
240112
214135
227640
236696
240368
253678
225246
226499
198656
223927
206903
229861
245280
202943
202067
224529
222674
233198
213180
240587
219077
229749
218265
222715
238893
235175
222506
216988
222447
231148
244933
238539
215584
251433
235448
200496
211184
237700
218577
195237
214597
211060
229037
222615
256203
219881
216200
191149
234957
249825
193855
227856
213194
226207
238670
216539
219171
248562
203252
220005
228947
218716
243304
203862
224182
241032
223344
237867
252306
246290
212702
211063
215111
231218
213920
217893
184564
229430
224950
215814
238600
220544
223255
230773
239876
224971
247226
224728
189172
207630
217144
231764
237656
220370
240995
191898
201479
213241
229321
207413
225712
229965
238402
213798
216962
244475
227742
236551
217927
235413
250815
216085
239946
223792
236488
223042
213938
212173
225616
228282
226085
210202
226144
228386
202270
217180
219422
243042
205144
225811
195751
223928
218515
206664
238354
242106
240353
231379
217902
227081
214858
220428
231479
220345
207388
243542
220608
217643
240144
232181
236067
244250
223417
221391
227664
193391
204340
216940
228551
213078
227961
204455
205494
213563
210078
205313
222620
248040
220130
245055
223717
227300
225063
222972
231641
213742
211312
206090
229799
228320
230832
229139
208851
218619
239434
233913
224375
225952
210539
213306
206673
211512
220721
208196
224867
211166
210941
223064
198872
212690
205543
226986
210832
236172
230527
197072
207930
227907
226749
215101
212055
193485
200142
222434
232304
219625
234330
202807
215164
220805
220166
207416
239042
214993
212756
207129
240345
227156
247758
225793
227363
206067
206999
243670
203180
215909
236036
192330
219077
226922
237646
204620
223221
234059
239391
213446
196973
216106
198965
205991
229541
238399
254680
199775
215722
229645
204544
215956
218109
248119
214528
214905
205691
190236
207567
234278
215360
223343
226463
236728
223167
214892
223556
208458
229625
242425
215630
226847
229652
216530
239305
196687
204557
191900
222332
216138
237320
199381
242057
221966
249870
223036
219634
202241
215957
235341
232812
236658
213465
234858
231240
209684
217945
225112
215300
192961
180374
197502
241243
215213
211414
213753
202026
228987
230110
216748
225206
207464
224782
191879
250181
220390
223868
227620
229178
203197
225225
230200
243615
210123
208102
238538
239174
229026
226531
201610
219685
214348
217784
221524
244357
216279
197674
202127
250542
250091
210592
231297
214499
199231
202781
218157
222701
224649
241904
190625
219723
238112
219284
232554
204083
227984
231530
218211
224102
219094
217462
228120
225847
237762
238575
228665
209384
221060
202151
210195
201510
206982
226041
225716
243750
233529
222636
239596
234272
222009
224180
215916
213386
223222
185744
223559
208395
220035
241617
222676
222499
256455
228444
225217
233576
212445
213876
206579
222969
213347
208207
199542
213655
186861
231541
219258
228711
231945
212286
209399
222239
223529
236927
236392
216722
235421
221448
241085
230233
231391
210542
248255
250294
235730
187448
238576
230148
192039
225439
224376
226942
233835
214527
209632
222432
221291
223161
241845
209457
233452
205804
229984
209532
229100
253908
197694
209234
242375
204975
229021
225589
202658
204758
217357
245174
191136
229210
216863
224357
237258
198755
202577
235356
243731
233147
234493
247808
232314
217760
249218
239822
213921
207379
219921
222726
236432
196723
229194
247037
213213
222932
204785
213829
229293
212377
236176
223179
224066
216114
225500
219177
222259
214935
223564
227413
265299
217974
216433
215587
240106
206748
209367
215210
196635
195148
205992
218302
210945
209077
234023
224476
227639
225275
195672
237488
222469
218538
211163
254371
220350
224451
190635
197506
229768
220408
227008
231820
236048
226161
204773
225263
218301
191290
229504
180152
212957
220575
212696
225634
203459
212378
232093
218527
190590
213272
215079
234678
256228
210965
204832
222964
214832
251074
231741
219033
209606
201957
239661
257963
233212
216059
219934
202049
239157
219404
204619
218352
258660
202050
216039
211597
221096
232657
236121
192181
230929
236993
219315
225605
224642
223347
215344
232976
246025
224828
208858
231844
243097
250600
234709
233902
245454
224863
242062
212875
213017
257051
200180
204167
228235
235008
232213
233245
201250
239068
187311
203852
207897
216464
204018
211104
215241
205599
245419
233948
212343
204416
192405
212860
197372
228037
201825
202168
210573
203304
236896
245509
222474
249028
230270
224394
230318
199557
200611
216057
185717
201542
225254
211499
224785
250054
210080
221009
219783
232866
234353
233900
237847
215348
216729
230514
222445
214086
227140
200813
202819
204363
224818
199893
243541
233218
207443
234316
225265
220619
235193
192035
228950
229635
219082
220724
231960
217442
251178
207447
238696
185469
227415
223530
230281
205712
222389
205119
209327
232610
234622
222869
235909
218270
210687
241208
202806
212827
249762
217169
235137
228009
213476
243295
211693
226722
217723
237257
200022
218295
238393
229793
229153
240410
247183
242294
219329
223845
209859
231802
193306
230788
235875
215746
194073
193282
250214
220499
220155
234940
234968
232904
207953
196980
227325
226677
205398
230907
219641
226549
222801
206899
207123
227721
218177
231887
225638
226799
224191
233744
194821
210250
225732
237277
228035
177634
212183
215048
238830
197664
218413
207687
216606
226752
226536
220088
194988
205153
218654
198053
230707
230916
214853
204687
226254
200896
244469
213134
214456
189574
199610
222203
217449
241683
237715
229276
210952
223719
239859
199063
224290
227743
245783
219902
231713
221049
235192
209905
215299
202928
233937
238401
223430
220359
198406
210795
220008
231579
210346
228620
205150
209515
260137
227627
206555
238077
209659
209192
233900
230114
227656
205475
193202
233933
230604
217970
253386
233832
222250
222048
231030
242531
226859
213608
220164
222628
223794
243651
244226
228271
231495
222119
226385
220356
197268
238587
218107
236700
204522
242254
246566
250522
229416
206506
212090
226255
234287
244386
225645
212023
224971
231036
250756
196154
203961
185189
246209
220334
211940
221809
207253
224618
206675
222124
232055
214135
204851
211473
240883
216332
245463
231582
219230
209503
234853
221613
234983
237657
205258
222865
225004
238271
225030
213123
197243
213005
195244
216953
203295
215095
220733
202351
204395
242656
210246
251150
223520
226157
243968
217707
199665
236165
221030
213181
219173
221566
235982
226792
214678
225978
221857
214636
232250
202870
222686
202051
246737
244710
251421
223524
226674
198592
229435
218750
233444
227993
217282
219282
207521
239503
229722
199622
237600
233876
204377
202464
208792
223617
216741
203034
226450
234640
173872
213526
232942
203782
200234
217896
211764
213998
225056
229700
242847
199566
207406
206632
225794
206969
245355
234975
221509
217962
204455
236712
215382
231632
211162
220263
228992
256588
217117
228701
202626
222907
232373
220005
218242
217447
217143
217448
210384
222189
231312
224879
194108
219503
233286
191976
220886
253589
244324
223484
237611
258485
241393
226189
232278
198531
237190
235064
221501
199831
211697
196757
189520
220606
227432
215975
238179
226725
222696
204586
222727
248252
220776
216326
215261
235785
237599
213506
215555
236630
224415
212556
230413
218928
212918
231801
201519
211370
216830
205718
206171
197598
208764
232466
230647
210828
216300
225422
207577
206262
202132
211365
204216
233972
223003
237799
220724
207858
192531
223281
202796
242089
213799
199295
213854
220289
213701
241208
228238
206950
219086
203096
203103
213034
201747
221250
207738
215439
238561
213262
218520
245518
223692
258117
227111
211747
236690
212336
234188
221730
203695
239079
220819
211878
233101
222229
236120
248952
227575
220860
236715
199361
206705
230197
181520
247008
197243
218525
232098
220723
215712
194084
190337
212255
237771
208496
216350
220289
223540
223819
190017
236359
209403
233054
231251
229126
167299
246788
227054
242095
215957
204831
227110
201238
238490
225279
225282
232771
219912
229206
229951
228633
221368
253080
205612
229722
236517
191544
226326
239247
192942
243206
237035
230729
241244
215991
212092
206710
242437
206342
219023
197484
233235
227774
228551
237905
216250
218419
220577
219501
244133
268728
222973
246178
202867
224045
201678
226737
239729
220518
224140
211929
208053
235028
221606
203409
232656
231553
238554
208713
186483
192072
247990
247433
233323
194585
217699
222625
239352
229848
205699
226403
197852
233027
204350
231154
237877
224058
239336
238730
212100
242651
237930
219829
256126
220631
206012
201999
222913
211475
214950
229664
228587
229964
228003
208957
222579
215808
239437
194236
222660
245664
220539
220431
224691
201820
235248
225471
229545
257352
213955
214162
243704
212009
239085
232215
216417
225230
219686
223654
219856
202300
199211
229533
242351
254605
220466
222894
202352
256468
212939
230014
228620
233522
202461
227727
230055
223402
221044
213710
214439
214599
227104
228310
217411
211864
216715
246848
204836
226101
216467
220370
214134
222401
177039
212025
233088
224679
216138
225598
199424
208304
218463
253752
227345
222721
217376
216390
224739
237789
226137
212598
212682
218994
210222
224833
228168
227634
204438
200044
223622
215222
217287
208199
201770
229756
198791
211950
207160
221073
236309
240049
202963
235818
211865
230033
208288
216983
234210
230908
208499
246727
209933
198560
230790
217079
200418
231820
213778
222503
223376
205687
230414
207294
242274
216672
216052
174914
236832
214288
219265
207072
209500
208313
190642
198816
259333
214294
225299
218259
209972
227652
223086
205163
207150
228467
195610
191145
231709
201790
244230
207318
228260
229713
217680
182130
230299
233002
233164
235100
231550
219130
222936
233600
222405
225718
212159
199882
220763
226334
220141
221453
234607
208506
221146
211293
221015
208505
213859
221525
249526
210965
216108
197919
198905
208280
228684
215221
201346
211093
224751
249785
246357
223514
219482
199141
248810
242669
220360
231757
216832
197683
209062
235153
226482
223171
222955
235133
242360
225264
222945
234191
238187
230617
201537
236880
218433
197615
221629
244371
245272
243274
225170
242387
249251
232182
223539
161440
232536
215649
221694
224876
209963
251515
231741
216003
203841
220990
233391
245361
211885
248342
227606
256668
194580
231792
225856
189107
236711
217933
197732
227018
245894
238676
218561
198836
230713
216464
233957
218126
240629
241819
237567
212174
235017
203207
223983
217813
234485
191508
184247
218384
199338
229417
252975
217944
217919
212229
258113
209593
222191
239935
215788
217642
226561
226258
212639
232545
210927
174688
223394
201595
188000
208564
239021
231240
230983
210357
207505
227889
214255
201850
252237
216196
260921
212492
229526
206600
241454
225658
211156
235191
219941
199532
241275
224226
206161
246198
234812
241325
226372
213512
211545
235094
225191
232408
209134
223566
204352
194977
220897
256562
193197
242245
222135
223726
216612
230451
206602
221317
222531
232486
218329
233172
234760
217960
205869
238839
230455
234522
230807
227679
254652
216634
236820
219242
217122
215855
199815
220551
237239
198505
205711
222815
232344
248194
213566
243972
215100
229656
213076
239877
202394
215811
199120
236363
222359
226416
211576
230631
243201
244067
213864
233826
218577
202919
225235
244259
217310
239939
250514
234963
195037
233092
236138
176483
222993
245460
229451
222298
211052
234770
198434
255372
233362
214339
233345
221223
236573
184400
230676
228771
218615
207762
228357
207681
228239
189955
198008
255682
201686
230922
234066
219075
222447
213777
223969
221453
219990
200522
232567
209598
224253
223768
208414
199227
206691
218224
225027
203201
251821
208911
223282
208855
231424
192363
224672
204097
221032
242300
200633
217715
227189
202091
195015
233594
203851
210569
207184
204785
212585
217149
197730
230548
213957
218251
236026
219004
245927
214890
246804
212490
228017
199003
235274
228428
217913
234644
212634
222738
243882
205575
225769
235434
243802
219748
234318
220210
226037
213146
202143
234996
214822
222556
225284
251805
220616
207853
227251
233219
223785
230306
214959
227865
217943
213408
222689
228037
230927
191209
207588
210336
218417
215626
216270
221419
212338
212701
217682
231483
225572
217864
229450
215377
222393
197287
252513
235136
221562
212339
224903
242544
227433
202972
241371
203122
200886
220883
212362
230790
229015
221375
220774
208509
232578
225307
241264
219883
247980
228338
170379
204553
239130
225096
237957
214932
253349
230231
198370
177165
207317
228655
232425
254249
213042
238136
203478
244130
199964
218561
233486
210025
203623
231142
245101
201340
213337
229949
215239
211093
236140
212070
211087
242997
234974
226413
237728
235589
211957
199918
220122
226039
242543
236544
216077
230955
227537
225807
238695
208721
191335
221028
232300
210288
225411
193361
217153
217810
214923
243687
216355
224083
230104
240018
215184
219523
222043
246437
230875
213786
228732
212710
226086
237446
210984
210231
204635
215878
212223
195733
207706
242018
229501
224933
225058
239124
222363
215885
230057
217596
242829
223633
224244
218988
217763
238578
246535
210460
221067
234944
204013
196060
243481
195561
198891
209067
217206
231183
234874
264054
232976
210972
216014
225865
252580
209493
205237
241092
235450
205030
237112
227015
234821
244807
203919
209934
250975
237656
228827
213430
218945
219607
232756
221628
212752
240764
228774
215483
240661
198242
203904
208517
240133
235472
232997
202860
226676
244919
222326
242348
194802
216253
218711
217777
203021
241942
214669
219244
201589
243131
215724
185242
239033
222000
217370
236486
215184
200726
228875
226976
222844
200042
230505
216198
201400
204046
217493
210280
220614
207191
210938
218798
223335
209733
187569
232775
209173
220142
248212
220840
228455
242047
241650
220497
237246
209975
217018
229148
214582
224230
206319
224494
233556
232817
213588
229605
217494
200837
242657
210248
225005
233285
219000
216117
208844
217070
208394
225022
218586
249667
210768
244541
215517
211199
214685
216676
240663
227594
214662
205916
236031
233590
223567
226431
230154
239296
247531
179936
221112
224199
219226
232377
235674
216197
209567
248635
170328
212831
222309
221690
227163
218602
199806
206831
217401
213060
216686
214700
227406
234893
217003
214181
202526
206628
246763
249588
227274
213357
218767
202963
194016
224869
223163
214454
205342
229732
217330
251200
201736
222357
195314
256112
227001
207459
216603
246060
225339
203304
215253
198395
220148
191752
190992
237672
232296
241375
204189
247808
231703
222530
222106
204146
229416
211257
220383
239896
223256
235622
222467
227318
229454
238318
260872
245757
204178
224176
222923
222008
214873
221452
214636
215155
234874
218536
216523
231405
220203
224514
197925
196367
220929
216927
223055
218651
238396
217456
201445
246865
229448
234061
241820
205813
189334
236379
223573
202556
253555
225588
219224
201265
243919
213271
250105
207949
232275
213053
226870
229751
224089
222939
246972
216544
231438
223972
217662
203934
210218
205422
224762
221882
235274
218356
255800
247094
222468
234726
235345
214756
215649
223910
231660
186860
226234
245029
204477
216576
228852
229461
245360
240830
212908
218770
244187
231794
203319
217299
231460
214818
218651
207389
216751
237810
227066
215968
219261
214306
216794
214601
223438
250326
204665
202542
216035
245116
228888
231091
219651
220231
202564
214920
206530
218574
206115
225738
208925
228580
218532
221225
218004
211276
227667
226985
197817
237229
224506
251454
234638
232748
221952
192417
240910
246313
239973
227800
228484
227366
235174
245641
226164
235177
214213
251471
216385
250982
258112
237917
232611
223762
215307
226866
240942
232291
227899
233579
256665
210499
224248
220727
226785
241398
211305
241840
223048
214543
214706
222087
222417
213767
217897
229331
227351
228906
224682
228261
204631
227939
206541
213992
203120
230684
224563
218154
229235
233039
242446
210101
233772
249493
203688
226312
227802
202441
226452
249198
239745
230767
234616
198753
223711
221733
220262
224814
219181
205567
229136
248626
205769
229657
210455
213479
213296
239026
212189
221742
204175
262127
233256
207747
231949
230707
199114
233970
215504
185584
224633
216605
255354
229774
228205
213757
225235
223952
218434
210206
199982
236595
240447
214792
237676
241883
226216
255698
210906
236828
228374
211932
215396
227208
223782
206066
226305
205583
218438
234851
232666
224706
221484
239595
226009
217004
244420
228807
204754
231337
191752
188403
227561
205408
205027
233189
237461
205018
226309
233016
213408
219413
229418
230879
223665
216789
215078
244851
242369
230441
240811
196930
251561
215240
225028
228597
212982
223322
202581
221787
205491
229631
213535
213931
233681
216553
232505
232950
225214
224499
221761
223365
214490
222939
243381
228785
209923
236290
210526
220665
226423
212622
213572
245269
202130
250738
213524
223094
247973
231049
209784
233899
228203
227082
232821
250832
208462
209238
237899
209059
226609
207360
218732
241712
235509
215392
235903
223824
202746
232765
211416
208155
195615
256553
186727
223052
219966
229451
233114
214252
222867
216791
236452
222479
220500
231180
214627
201700
237913
240024
196447
234859
220487
245407
226021
228184
213894
240338
210652
236816
234763
213598
210298
231134
226353
217991
255195
214754
246136
212283
234668
228017
232580
221916
228591
221898
241390
235545
219941
226711
192116
224863
219044
229114
196788
222058
202619
220870
209398
233363
201662
219518
196355
226800
227125
203337
228260
205365
221561
235095
203522
212978
226460
219417
226877
214524
229301
220425
219582
217685
206624
212225
233801
203696
214374
220048
223478
240475
185613
231167
229760
225877
233013
205144
229034
226084
235784
208203
212562
214899
214623
225289
230400
223261
203725
209205
236922
230828
217302
228195
211043
240662
212611
210521
209995
233217
230345
215151
227955
216532
232699
221997
226855
226469
227972
188280
248857
201156
224786
230319
197424
208199
204539
235275
209919
225170
262256
210615
236268
225608
208891
198640
230507
229428
210604
233911
210358
187062
206097
241014
244944
211134
203318
219690
209572
232567
227341
197460
222488
213182
209689
221218
189049
226437
229497
201854
216703
212912
214671
222721
222126
231795
216007
227470
208769
201891
200663
210701
210433
242523
203060
229781
200307
205518
246806
205705
219613
206287
234792
211103
201064
219057
206984
209012
227698
217734
221540
239829
211905
199177
225602
247694
215967
247629
228799
213007
212485
247103
225919
227642
220773
221704
245766
230580
234877
237772
243742
227045
266387
236044
225517
211505
229571
205379
195131
215086
235358
216309
187875
212176
215965
224530
244286
232021
245621
209654
211220
203267
221192
216753
204436
221040
192387
220536
209795
228149
239045
223726
210348
229523
237671
240494
211911
237427
228019
231052
219701
236444
222242
209652
222005
225839
217956
187416
197078
239478
212385
228105
234205
190177
209906
223195
202788
225388
217723
212271
212842
234855
202229
227268
251738
233902
214085
226008
203773
193509
209407
230446
215118
223727
220954
224715
210607
211169
194979
258588
182245
228538
203582
230063
226917
232765
218746
216113
226612
218389
216582
245679
209031
247088
195346
243488
231749
228469
238198
233976
219875
227701
220430
201784
236224
215150
234720
249768
224513
255074
250315
234514
188771
233650
236142
238992
199845
228139
191322
211765
213528
232884
223740
219770
207318
224766
213509
218875
231905
216569
229818
222601
239560
238864
217732
238831
227330
227223
232883
245560
219559
233102
202637
228559
236887
231875
232238
223990
219063
202271
206756
224938
223689
224463
231799
204648
237939
233668
214429
234603
193855
219219
211474
230625
213264
220442
225036
215637
230857
230527
221435
231621
202047
228779
241136
220759
225152
230462
219296
204703
215403
211139
242856
233040
215763
247498
230933
196363
244684
225569
216270
226861
216730
217226
217814
209916
232373
221768
235956
206015
214430
220174
225053
200755
227691
207146
240653
205128
208684
215417
207228
239594
203244
238870
232878
195807
233328
217686
234737
221457
249236
241765
211786
211964
220589
237904
234868
232497
221855
211756
198507
216842
217357
230053
237401
232744
213853
202299
226376
220247
209070
222858
214445
219299
212721
206479
200759
198165
237551
225392
220756
224846
209791
226034
248289
220081
182477
203907
185195
211133
200289
233454
216420
236618
217824
200027
232228
255554
200918
211224
248332
249655
229791
236618
226729
226506
229702
224758
204939
215942
212705
241101
223175
232558
232234
199821
221011
208771
207318
213607
230337
212484
199709
216998
209504
218309
238824
230098
221108
221621
230920
217467
208917
222942
228896
230579
238049
229267
246103
200930
206439
221574
224929
201041
206468
206030
230689
192203
215136
210361
210933
230092
227633
247102
198214
217124
240007
220923
206900
221137
233269
238563
223735
192901
219330
222221
223374
221414
243316
228166
202629
215378
195838
264624
245588
242348
225289
221004
249239
223009
241561
214075
218542
203388
238564
215896
217462
240589
219405
249622
196695
222508
215655
231511
216066
241052
203952
232770
220099
231688
207012
218043
217925
221845
212453
239816
221107
212184
226225
206052
198303
232373
222937
204712
203300
222545
246711
190864
217511
213084
236241
249099
233808
207374
231405
192149
220476
216357
200663
231512
196792
242975
235027
256661
209737
226022
212532
223393
218196
237765
199293
196007
212038
216144
235165
212657
214869
229542
199909
210212
234516
233352
217469
219598
231242
214191
212290
229581
209922
209710
213188
209013
207889
210202
187157
222016
207067
195737
205337
209545
211305
247580
229513
210852
230582
231824
234749
219706
186973
209496
219645
235815
214030
229868
232838
189953
248873
232795
242218
246637
217301
237356
199198
207521
216695
178890
229326
191203
205022
204142
230796
207417
216337
207162
212274
239403
223410
195148
229192
210124
219801
222069
231856
217282
207912
213031
198531
237817
221224
213125
228875
208739
228281
227016
206617
211320
224497
236516
192662
217156
204687
239007
209227
231293
239775
243171
248898
224309
227827
206823
220854
205463
224735
215225
216874
225571
231634
228573
223600
221583
219830
196804
222609
238835
198923
220948
234993
217616
230365
224195
184239
235119
231279
221699
230952
223169
232178
229074
197422
209231
198911
212568
215168
216103
223317
224824
205762
222620
244181
201552
198766
223383
238523
239307
247979
218213
229601
217440
227096
220997
200958
226292
230965
218756
213317
235088
204285
235827
233355
230006
202834
210409
202257
213229
234083
224196
213590
200985
252604
213616
220131
224691
257036
195348
239710
219757
239175
198401
239597
202334
243088
217469
207503
218329
214208
206138
216258
243073
231513
222183
217613
186557
240063
222425
230437
233842
225074
201942
217303
212088
237668
211170
239484
207892
224029
217183
220053
224698
241897
206485
254571
215873
217278
215646
201887
224098
208101
205598
231359
206877
211961
229181
222121
213709
205359
221011
223676
213718
240589
212650
218671
221891
246372
197778
221558
216549
234658
247198
217988
216465
190594
229550
213002
235546
224803
221845
243733
207679
199105
214740
236121
210470
228931
207724
261393
203857
234887
225848
210456
220778
213113
224159
221264
209780
220329
227898
215157
224850
242592
220284
214296
215365
205350
234563
224325
238651
219457
192967
249354
208987
235595
191876
197064
226440
192252
216387
200701
195715
260000
230110
221741
234531
216198
211747
215531
219578
214771
242353
223733
209851
223756
222957
229062
227269
233213
239304
219982
242780
204614
231626
241615
224312
229178
204648
240508
206458
222307
241594
219899
206076
214893
250689
219174
230232
222911
244147
217117
212615
189767
242930
234046
229312
206540
211287
215157
214398
238547
216076
215488
197494
235170
215978
241970
228900
223895
239156
212555
226793
211723
178836
229578
220653
215099
232985
232910
229978
187409
240552
193004
229002
209261
231920
208379
202840
218676
237500
223659
190869
207051
204505
251753
179512
243710
237754
201958
221796
222224
226558
222332
210964
202266
230461
194653
245833
214544
221872
222606
220454
227269
225772
201834
210093
229992
191010
229717
231262
215852
227713
229035
226092
222252
225500
199191
229072
217958
205522
197381
204454
208378
228313
217422
222111
212295
214808
219222
208942
228419
204451
230739
225074
203404
225683
207544
223819
246571
207712
220668
220334
231739
228312
238679
207961
221520
201495
213947
207571
210405
217539
241390
192906
218985
195850
240027
226041
230868
198382
208922
207181
199729
194767
202776
238588
208818
210748
234568
241400
223742
228651
238465
236055
252993
195021
214872
225894
206352
229668
229797
238337
257677
243496
217328
218940
230335
215560
236353
198852
202141
217313
206067
235793
204955
214257
227484
224607
221547
225802
241316
252973
193641
214797
218916
210314
234799
201894
204487
220585
212556
200817
221951
200191
195946
261835
223343
226692
209123
235725
209561
210582
252971
219279
225887
220879
231178
234645
218562
228889
232848
215272
221992
242100
221014
221891
198813
239351
234518
219872
233835
258582
228951
239566
218909
220484
237437
220920
209873
242439
229711
235687
228694
226093
225210
204150
203507
230955
218302
254208
250188
216631
226700
227535
218463
222575
229198
202127
221367
234316
218625
208198
214271
239415
227215
202849
226537
223006
202160
207759
236067
208360
229684
223358
220541
218598
200338
216164
217677
224622
213347
212817
233609
232187
242245
224242
221256
233614
245041
208936
223593
212540
224963
214102
235656
228721
239334
199410
207397
219645
218339
205604
221281
222479
230263
219715
192945
229514
212430
207852
205250
220773
221601
224734
235075
250642
219742
202921
234327
230854
229954
199652
219162
223158
222392
207574
233534
231128
243833
234635
210681
244099
219018
230712
235675
210236
220564
200662
191152
221743
223484
210554
211183
218999
190034
230868
212590
229589
196733
228515
222996
226501
230351
205466
221438
215233
225684
220833
219323
214258
240498
218139
218935
227210
235839
206962
245120
221542
240759
213684
215450
225908
226981
232169
214111
214938
211708
226475
224208
226682
230812
229764
208556
241598
210353
229900
228826
189972
239182
230674
221710
221798
225234
193548
238652
207115
224851
224681
215179
224962
213357
207006
224835
220196
226853
243958
218061
247217
219647
223352
225809
214978
226442
223213
214016
196283
237094
229518
197320
213758
211171
197574
243549
208811
205057
193253
228789
236692
220898
212026
208284
221336
232680
217219
250077
218820
256562
218621
217472
232730
241880
226773
228305
221835
215830
218820
215718
233142
214123
214835
218250
226424
240020
209219
237022
229751
235718
213482
219303
212711
208738
239386
231336
194930
220144
203483
227489
237206
222682
212940
205663
220935
213501
245195
204868
217521
218571
218563
204817
216531
223243
222605
221171
220613
212840
218027
233892
210574
200085
194027
190312
227999
204754
228717
216399
230760
203743
207158
220049
230243
218670
237717
230044
222382
224935
219457
213585
224328
197465
229608
209598
226689
228104
225400
207660
227688
220046
209372
231332
216514
224160
230902
233920
231501
216492
189726
228409
221528
196423
209591
219547
209399
209528
208465
210526
220705
229877
238977
221718
205420
199926
244047
220225
212741
235118
201035
267038
224118
225419
229849
250612
221904
238633
199990
197335
237659
235932
183218
226550
188404
231026
222395
221402
204245
235114
207937
210708
229841
203438
216123
221503
220611
232326
203716
228884
231026
222103
205126
211534
226695
204311
215000
255864
242270
229226
235593
225310
222405
236556
226193
223828
197394
258755
226873
231687
233742
222320
202301
209136
236740
251788
253457
235404
218005
205627
221382
217134
217243
228263
226096
233835
213466
218681
223174
222361
238479
202268
199390
228151
199327
238556
211129
242988
219166
215022
201353
206838
230804
224127
226843
238202
225423
208993
208934
208762
201952
222561
221878
227931
211765
201570
210344
215654
215092
237837
226049
244667
202837
236685
229517
193862
238995
216531
224209
213417
220410
219886
194627
222887
226350
213956
266119
227746
243101
238805
217614
208595
237795
252285
223751
220350
232888
223378
214536
243177
208356
237448
217038
214921
235738
206317
223000
220512
209041
215427
241919
209429
222395
227539
227730
209282
231452
186069
211755
198643
234101
223512
222269
221063
207863
218031
230005
208344
217293
237492
208543
234369
240953
227721
197408
230503
221275
223419
220149
223244
214624
206753
226680
216742
213429
217957
211001
210739
185854
223670
227091
225489
216936
198315
221776
223966
212049
224180
246247
227420
202231
209432
196887
222169
211455
246598
204512
238726
220368
221319
233834
207893
208340
218758
236378
202724
207274
219920
207351
210172
231172
194718
233673
235633
220363
244970
232291
225001
224623
204490
215460
228051
232015
196917
181066
211731
226147
242988
254825
214910
199752
234996
227134
231917
226636
216279
207712
219640
213802
250573
226657
215390
200403
220991
206751
233303
207168
203928
227000
227195
207692
215926
227899
202654
223871
203819
226800
224897
228079
242603
232686
222848
201145
211669
233101
219548
243518
203230
243698
219771
203424
190314
225288
215440
212837
215893
204068
206821
238038
247412
229875
203778
216422
219971
209382
219651
221105
201544
210750
216242
240314
212520
215794
229436
221382
238293
179445
226645
222416
214811
211087
212114
208152
196058
225048
183549
229979
215989
243357
233272
185645
218255
208307
223520
217214
218665
219778
213420
233856
234807
225659
237737
222402
234072
235960
254267
201874
220926
207593
241750
185436
224755
188513
213700
194117
208333
214065
218137
233206
234322
219704
200353
221998
217200
213799
211939
212689
213877
220144
222402
235395
227858
211575
214150
232770
245523
241784
231252
216402
243472
228063
245702
240190
193923
242752
220296
235401
214228
219079
223927
233559
203917
226834
225906
195752
216726
219873
223626
213857
185027
217459
225058
219777
211577
240921
219845
238199
208152
221322
222457
222229
235214
229510
218040
199119
209518
236705
226912
208495
220127
239373
216567
233048
224903
204421
212767
247872
205778
229065
231782
213651
216854
218884
236046
203440
246239
214686
226646
198261
208238
227544
216453
205668
226571
227538
188529
229958
201028
202475
189121
241506
231976
222623
219037
211217
219421
208540
223775
254266
198330
221970
228596
229979
225326
247097
206841
235096
228201
189872
212054
240044
197414
235248
230655
216586
237175
194552
228043
220012
222876
217855
211238
217547
198031
244572
205723
201119
217143
212663
237478
212632
224731
255360
232152
216931
227149
257085
200485
227322
203306
198896
225245
234235
225248
223068
226101
231205
197395
225866
240001
230080
227543
207011
219062
229196
183223
208502
204626
227405
231643
203395
246864
217641
252567
248881
211951
202470
204917
237722
199858
226040
197414
223957
211691
230888
253550
201437
212118
228811
209164
220638
244620
190987
242736
243136
201066
232647
224995
222890
223138
208402
208241
226128
228741
225726
240410
230300
215279
229848
246571
239928
202253
240698
207034
221685
223077
230567
215833
193327
229214
210336
218796
229688
231538
214739
226649
203143
215240
244332
230773
237773
203202
221153
246391
241875
244662
180473
227862
217145
241618
251006
212278
218168
206295
208765
193555
213435
225469
190718
206813
238774
222379
220849
216290
229693
241929
190339
214128
241479
246672
225941
214852
221031
224078
222413
237225
222652
205534
202619
206275
231964
223364
232150
236446
219309
174102
201782
237171
227533
237711
230464
231414
250326
202235
245794
226658
229129
220471
212059
238712
221785
218068
215673
212302
224028
201419
200775
216270
185963
228740
228676
253281
194497
195137
206711
229161
242947
227147
196394
214191
233007
204742
217956
225451
219795
223137
239580
213670
239873
240199
232188
235162
229674
189927
216461
226300
238876
221673
201427
222905
225886
227591
198161
219097
223043
235847
223002
210589
207845
214438
210185
228255
241118
243240
233363
223363
215331
204236
231734
227457
238466
213372
228231
249347
229051
237261
206374
232798
204273
240545
213079
208514
222462
237063
226516
213940
227833
225181
236440
253668
198762
223382
203747
205867
211813
232684
224581
218445
236779
198687
214911
198124
213747
205539
229137
234435
236023
194310
233996
217650
217583
200822
217979
234184
221412
225613
220174
221234
220757
235105
202405
208011
250542
214696
193563
233280
214782
229668
248883
207464
270712
228504
233168
223758
237374
224404
219430
211266
229894
205831
212341
210510
196635
205160
235436
203168
247965
173751
218068
202482
228654
215617
228130
257534
236708
230048
227751
207297
234695
233869
232900
226937
172807
223842
220392
239258
219869
221216
233858
228192
248434
192889
202723
187354
223804
217456
226789
238528
215519
209485
243471
241284
222817
232368
221309
226978
207141
215461
227122
226497
214567
221477
220755
231979
210471
206773
214460
236023
198072
220980
199341
220676
207947
219947
248930
222980
203821
203560
215192
226258
222236
221796
222137
248707
242490
212787
236408
228082
242752
177063
239279
209368
233335
227472
211322
206913
197408
211184
196311
272927
234872
212150
217015
223324
230582
223367
228381
203662
224218
219784
208596
189574
228362
209035
226755
209556
218148
229686
228862
234977
254314
209668
240650
211836
248737
234482
220188
220991
