560302.3980 93427.5604 136.4077
560297.0612 93435.4310 136.4077
560291.7245 93443.3016 136.4077
560286.3877 93451.1722 136.4077
560281.0509 93459.0429 136.4077
560275.7141 93466.9135 136.4077
560270.3774 93474.7841 136.4077
560265.0406 93482.6547 136.4077
560259.7038 93490.5253 136.4077
560255.5303 93496.5877 136.4077
560251.2482 93502.5696 136.4077
560249.7524 93504.5591 136.4077
560246.7005 93508.4933 136.4077
560242.0425 93514.3352 136.4077
560235.7674 93522.0779 136.4077
560229.4922 93529.8206 136.4077
560223.2171 93537.5634 136.4077
560216.9419 93545.3061 136.4077
560210.6668 93553.0488 136.4077
560204.3916 93560.7915 136.4077
560201.3236 93564.7056 136.4077
560199.8257 93566.6847 136.4077
560198.3661 93568.6872 136.4077
560196.9601 93570.7224 136.4077
560195.6279 93572.8028 136.4077
560194.4288 93574.8616 136.4077
560193.2991 93576.9628 136.4077
560191.1793 93581.2505 136.4077
560188.1855 93587.7955 136.4077
560184.3156 93596.5967 136.4077
560180.4456 93605.3979 136.4077
560177.4792 93611.9633 136.4077
560175.4129 93616.2907 136.4077
560174.3304 93618.4268 136.4077
560173.1987 93620.5357 136.4077
560171.9794 93622.6592 136.4077
560169.4017 93626.8290 136.4077
560165.3486 93632.9798 136.4077
560160.5013 93640.0894 136.4077
560155.6540 93647.1989 136.4077
560150.8067 93654.3085 136.4077
560145.9594 93661.4181 136.4077
560141.1121 93668.5276 136.4077
560136.2648 93675.6372 136.4077
560132.1455 93681.7534 136.4077
560128.1048 93687.9198 136.4077
560125.5468 93691.9963 136.4077
560121.7878 93698.1608 136.4077
560117.1517 93705.9067 136.4077
560112.5155 93713.6525 136.4077
560107.8794 93721.3984 136.4077
560103.2432 93729.1442 136.4077
560100.7340 93733.2498 136.4077
560098.1699 93737.3171 136.4077
560095.4999 93741.3105 136.4077
560094.0611 93743.3244 136.4077
560091.0821 93747.2817 136.4077
560088.0240 93751.1837 136.4077
560081.8142 93758.9224 136.4077
560075.9236 93766.2136 136.4077
560070.0330 93773.5048 136.4077
560064.1424 93780.7960 136.4077
560058.2518 93788.0872 136.4077
560052.3613 93795.3785 136.4077
560046.4707 93802.6697 136.4077
560040.5801 93809.9609 136.4077
560034.6895 93817.2521 136.4077
560028.7989 93824.5433 136.4077
560025.7119 93828.4237 136.4077
560022.6861 93832.3435 136.4077
560021.2148 93834.3301 136.4077
560019.7865 93836.3443 136.4077
560018.4175 93838.3966 136.4077
560017.1261 93840.4866 136.4077
560015.8935 93842.6144 136.4077
560014.7038 93844.7697 136.4077
560012.4073 93849.1335 136.4077
560007.9642 93857.9575 136.4077
560003.7852 93866.3670 136.4077
559999.6062 93874.7764 136.4077
559995.4271 93883.1859 136.4077
559991.2481 93891.5953 136.4077
559987.0691 93900.0048 136.4077
559983.6757 93906.5867 136.4077
559981.3051 93910.9091 136.4077
559980.0590 93913.0336 136.4077
559978.7646 93915.1156 136.4077
559976.0552 93919.2067 136.4077
559971.8295 93925.2457 136.4077
559966.0784 93933.2270 136.4077
559960.3273 93941.2083 136.4077
559954.5762 93949.1896 136.4077
559948.8251 93957.1709 136.4077
559943.0740 93965.1522 136.4077
559937.3229 93973.1335 136.4077
559931.5718 93981.1148 136.4077
559927.9976 93986.1160 136.4077
559924.4234 93991.1172 136.4077
559921.6201 93995.1543 136.4077
559918.9010 93999.2455 136.4077
559917.5706 94001.3538 136.4077
559914.9887 94005.6211 136.4077
559909.9753 94014.2529 136.4077
559905.9487 94021.2969 136.4077
559901.9221 94028.3409 136.4077
559897.8954 94035.3849 136.4077
559893.8688 94042.4289 136.4077
559890.2351 94048.9699 136.4077
559887.9219 94053.3824 136.4077
559886.8273 94055.6180 136.4077
559885.7904 94057.8760 136.4077
559883.8404 94062.4507 136.4077
559881.0805 94069.3911 138.4087
559877.5280 94078.7060 141.0325
559873.9756 94088.0208 140.9883
559870.4231 94097.3357 140.9441
559866.8706 94106.6505 140.9061
559864.1604 94113.6131 140.8667
559862.2778 94118.2157 140.8523
559861.2908 94120.4934 140.8462
559860.2566 94122.7467 140.8425
559859.1574 94124.9663 140.8421
559858.0141 94127.0816 140.8581
559856.8089 94129.1648 140.8672
559855.5583 94131.2245 140.8679
559852.9675 94135.2978 140.8878
559847.6166 94143.3574 140.9797
559842.6467 94150.7135 140.9996
559837.6768 94158.0696 140.9608
559832.7069 94165.4257 140.9655
559828.7356 94171.4851 141.0450
559826.2235 94175.5815 141.0410
559825.0470 94177.6630 141.0218
559823.9517 94179.7786 141.0120
559822.9671 94181.9405 140.9988
559822.1113 94184.1753 140.9801
559821.3676 94186.4569 140.9862
559820.7059 94188.7729 141.0064
559819.5428 94193.4720 141.0418
559818.0021 94200.6059 141.0887
559816.3954 94208.5756 141.0760
559814.7888 94216.5452 140.9836
559813.1821 94224.5149 140.9818
559811.1795 94234.0522 141.0495
559810.0850 94238.7898 141.0953
559809.4881 94241.1421 141.1119
559808.8408 94243.4778 141.1219
559808.1245 94245.7906 141.1302
559807.3098 94248.1152 141.1509
559806.4242 94250.4164 141.1782
559805.4870 94252.7005 141.2130
559802.4941 94259.4930 141.2292
559798.3339 94268.4939 141.2568
559794.9190 94275.7965 141.2568
559791.5041 94283.0990 141.2568
559788.0892 94290.4016 141.2902
559784.6743 94297.7041 141.3109
559781.6021 94304.4676 141.4461
559779.6744 94309.0099 141.4311
559778.7827 94311.3011 141.4165
559777.9658 94313.6128 141.4017
559777.2515 94315.9530 141.4119
559776.6715 94318.2881 141.4586
559776.1913 94320.6508 141.5058
559775.7841 94323.0336 141.5535
559775.1119 94327.8386 141.5928
559774.2829 94335.0955 141.5928
559773.2802 94344.7993 141.5928
559772.2776 94354.5030 141.7311
559771.2749 94364.2068 141.7869
559770.4998 94371.4792 141.7928
559769.7246 94378.7516 141.8678
559768.8849 94386.0143 142.0007
559767.8944 94393.2950 142.0577
559767.1190 94398.1848 142.0710
559765.8772 94405.5085 142.0710
559764.4236 94413.8022 142.0710
559762.9700 94422.0959 142.0710
559761.5163 94430.3897 142.1788
559760.0627 94438.6834 142.2710
559758.6091 94446.9771 142.2853
559757.2321 94454.9078 142.3152
559755.8551 94462.8384 142.4315
559754.4781 94470.7691 142.5131
559753.1011 94478.6997 142.7277
559751.3443 94488.4448 143.4675
559750.3781 94493.2952 144.0427
559749.2710 94498.1100 144.7308
559748.6363 94500.4954 145.1028
559747.2375 94505.2333 145.8547
559745.7367 94509.9456 146.6987
559744.1848 94514.6450 147.4924
559741.8097 94521.6825 148.6539
559739.4345 94528.7199 149.7671
559737.0594 94535.7574 150.7896
559734.7378 94542.8066 151.8041
559733.2739 94547.5243 152.3772
559732.5916 94549.8939 152.6613
559731.9603 94552.2747 152.9546
559731.3990 94554.6706 153.2574
559730.9290 94557.0520 153.5546
559730.5274 94559.4483 153.8572
559729.8613 94564.2706 154.4780
559729.0445 94571.5438 155.2274
559728.1875 94580.0499 156.0458
559727.3305 94588.5560 156.7943
559726.4829 94595.8178 157.3743
559725.7570 94600.6178 157.7752
559725.3028 94602.9943 157.9908
559724.7571 94605.3474 158.1989
559724.1106 94607.6377 158.3538
559723.3748 94609.9051 158.5158
559722.5734 94612.1556 158.6856
559720.8405 94616.6232 159.0503
559718.0720 94623.2811 159.6618
559714.2844 94632.1337 160.4485
559710.4967 94640.9863 161.2700
559708.6617 94645.4279 161.6901
559706.9234 94649.8947 162.0277
559706.1176 94652.1446 162.1949
559705.3758 94654.4111 162.3606
559704.7209 94656.7004 162.5185
559704.1665 94659.0410 162.6701
559703.7004 94661.4046 162.8212
559702.9440 94666.1777 163.1276
559702.0394 94673.3973 163.6237
559700.9912 94683.0636 164.3198
559699.9429 94692.7299 164.9782
559699.3385 94698.7757 165.4099
559698.7340 94704.8215 165.8495
559698.1372 94712.0867 166.3728
559697.6001 94719.3568 166.9205
559696.9144 94729.0522 167.6269
559696.2286 94738.7477 168.3155
559695.5429 94748.4431 169.0617
559694.8571 94758.1386 169.6955
559694.1714 94767.8340 170.3750
559693.5487 94775.0919 170.9930
559693.0168 94779.9157 171.4108
559692.6864 94782.3606 171.6262
559691.5202 94789.6730 172.3400
559689.7886 94799.4006 173.3771
559688.0804 94808.7761 174.3648
559686.3722 94818.1515 175.2215
559684.6639 94827.5270 176.0382
559682.9557 94836.9025 176.8174
559681.2475 94846.2780 177.6016
559679.5393 94855.6534 178.3929
559677.8311 94865.0289 179.3134
559676.1228 94874.4044 180.1330
559674.4146 94883.7798 180.7641
559672.7064 94893.1553 181.3608
559670.9982 94902.5308 181.9575
559669.2899 94911.9063 182.5542
559667.5817 94921.2817 183.1509
559665.8735 94930.6572 183.8607
559664.0770 94940.3804 184.6757
559662.2804 94950.1036 185.4598
559660.4839 94959.8267 186.2465
559658.6873 94969.5499 187.0397
559657.8561 94974.4112 187.4357
559657.4807 94976.8418 187.5966
559657.1489 94979.2721 187.7452
559656.8793 94981.7022 187.8933
559656.6964 94984.1320 188.0407
559656.6328 94986.5613 188.1870
559656.7151 94988.9945 188.3323
559656.9170 94991.4273 188.4765
559657.2059 94993.8597 188.6200
559657.5570 94996.2918 188.7695
559657.9518 94998.7238 188.9274
559658.8218 95003.5875 189.2555
559660.5794 95012.7065 189.9017
559662.3370 95021.8255 190.5542
559664.0946 95030.9444 191.2680
559665.8522 95040.0634 191.9687
559667.6148 95049.3482 192.5683
559669.3773 95058.6330 193.1197
559671.1399 95067.9178 193.6999
559672.9025 95077.2026 194.3982
559674.6651 95086.4874 195.1370
559676.4276 95095.7721 196.0225
559678.1902 95105.0569 196.7298
559679.9528 95114.3417 197.4324
559681.7154 95123.6265 198.0023
559683.4779 95132.9113 198.5835
559685.2405 95142.1961 199.1117
559687.0615 95151.7109 199.6462
559688.8826 95161.2257 200.1323
559690.7036 95170.7405 200.6010
559692.5247 95180.2553 201.0991
559694.3457 95189.7701 201.6337
559696.1667 95199.2849 202.0993
559697.9878 95208.7998 202.5364
559699.8088 95218.3146 203.0849
559701.6298 95227.8294 203.6222
559703.4509 95237.3442 204.2788
559705.2719 95246.8590 204.9387
559707.0930 95256.3738 205.7228
559708.9140 95265.8886 206.4027
559710.6201 95275.0357 206.9489
559712.3261 95284.1828 207.5783
559714.0322 95293.3299 208.1916
559715.7382 95302.4770 208.6728
559717.4443 95311.6241 209.0851
559719.1503 95320.7711 209.4975
559720.8564 95329.9182 209.9098
559722.5624 95339.0653 210.3420
559724.2685 95348.2124 210.7443
559725.9745 95357.3595 211.1075
559727.6806 95366.5066 211.4597
559728.7830 95372.6498 211.7458
559729.8853 95378.7930 212.0220
559730.6714 95383.7218 212.2391
559731.0223 95386.1875 212.3425
559731.9556 95393.6022 212.6511
559733.0645 95403.5096 212.9452
559734.1734 95413.4171 213.2553
559735.2823 95423.3245 213.4289
559736.3911 95433.2320 213.5777
559737.5000 95443.1394 213.8748
559738.6089 95453.0469 214.2006
559739.7178 95462.9543 214.5264
559740.4896 95470.3864 214.7260
559740.9103 95475.3437 214.8534
559741.0658 95477.8238 214.8661
559741.1657 95480.3053 214.8802
559741.1975 95482.7923 214.8974
559741.1089 95487.7703 215.0090
559740.9019 95492.7515 215.1795
559740.6378 95497.7342 215.3719
559740.0779 95507.2859 215.7448
559739.5179 95516.8376 216.0144
559738.9580 95526.3893 216.2430
559738.3980 95535.9409 216.4528
559737.8381 95545.4926 216.4875
559737.2781 95555.0443 216.4834
559736.7488 95564.5159 216.7520
559736.2196 95573.9874 217.1364
559735.6903 95583.4590 217.3897
559735.1611 95592.9305 217.4916
559734.6318 95602.4021 217.6856
559734.3083 95607.3785 217.8059
559733.8969 95612.3380 217.9427
559733.6311 95614.8062 218.0186
559733.3031 95617.2625 218.0945
559732.8891 95619.7022 218.1764
559732.3790 95622.0837 218.2649
559731.7853 95624.4491 218.3597
559731.1306 95626.8027 218.4591
559729.7028 95631.4873 218.6670
559727.4130 95638.4858 218.9902
559724.2784 95647.8013 219.4025
559721.1437 95657.1167 219.7872
559718.0091 95666.4322 220.1799
559714.8915 95675.7506 220.7378
559711.7740 95685.0690 221.2976
559708.6564 95694.3874 221.8574
559706.3734 95701.3918 222.2745
559704.2228 95708.4341 222.6697
559702.9431 95713.1098 222.9079
559701.1555 95720.1613 223.1583
559698.8654 95729.5924 223.4030
559696.5753 95739.0235 223.6068
559694.2852 95748.4547 223.8331
559691.9951 95757.8858 224.0919
559689.7050 95767.3169 224.2971
559688.5818 95772.0349 224.5022
559687.5125 95776.7593 224.7077
559686.5572 95781.4973 224.8712
559686.1536 95783.8750 224.9432
559685.8242 95786.2616 225.0319
559685.5805 95788.7172 225.1399
559685.4143 95791.1819 225.2451
559685.2346 95796.1296 225.4502
559685.1715 95801.0911 225.6512
559685.1630 95806.0590 225.8503
559685.1967 95814.3442 226.1803
559685.2303 95822.6295 226.5069
559685.2640 95830.9147 226.8025
559685.2564 95840.8529 227.1780
559685.1259 95848.2974 227.4185
559684.8798 95853.2491 227.5266
559684.6771 95855.7096 227.5941
559684.4279 95858.1668 227.6974
559683.8380 95863.0746 227.9055
559682.8344 95870.4279 228.2197
559681.4183 95880.2272 228.6400
559680.0022 95890.0264 229.0100
559678.5860 95899.8257 229.3469
559677.1699 95909.6249 229.6342
559675.7538 95919.4242 229.8886
559674.3377 95929.2234 230.1973
559672.9215 95939.0227 230.6176
559671.5054 95948.8219 231.0112
559670.5315 95956.1737 231.2491
559670.0125 95961.0781 231.3974
559669.8286 95963.5321 231.4741
559669.7214 95965.9881 231.5498
559669.7078 95968.4371 231.6221
559669.7702 95970.8879 231.6937
559669.8882 95973.3402 231.7657
559670.2314 95978.2473 231.8801
559670.8805 95985.6112 232.0197
559671.7338 95994.6130 232.0872
559672.5871 96003.6147 232.2623
559673.4404 96012.6165 232.4424
559674.2937 96021.6182 232.7454
559675.1471 96030.6200 232.9982
559676.0004 96039.6217 233.2549
559676.8537 96048.6235 233.5979
559677.7070 96057.6252 233.9267
559678.5603 96066.6270 234.1860
559678.9596 96071.5364 234.2859
559679.2591 96076.4448 234.3845
559679.3436 96078.8985 234.4302
559679.3619 96081.3516 234.4785
559679.2991 96083.8177 234.5304
559678.9916 96088.7484 234.6712
559678.5419 96093.6778 234.8193
559678.0232 96098.6066 234.9880
559676.9809 96107.8475 235.3607
559675.9385 96117.0883 235.7341
559674.8962 96126.3292 235.9526
559673.8538 96135.5700 236.1374
559672.8955 96144.1951 236.3099
559671.9372 96152.8202 236.4263
559670.9790 96161.4453 236.5832
559670.0207 96170.0703 236.7557
559669.0624 96178.6954 236.9282
559668.1041 96187.3205 237.1007
559667.3956 96193.4782 237.2238
559666.6871 96199.6359 237.3470
559665.7611 96206.9324 237.5673
559664.4479 96216.5960 238.1187
559663.0958 96226.2555 238.5260
559661.7437 96235.9151 239.0570
559660.3916 96245.5746 239.6101
559659.0396 96255.2342 239.8682
559657.6875 96264.8937 240.0246
559656.3354 96274.5533 240.3466
559654.9833 96284.2128 240.5379
559654.1089 96291.4612 240.6714
559653.8784 96293.8790 240.7114
559653.6999 96296.2981 240.7537
559653.5923 96298.7192 240.7999
559653.5716 96301.1859 240.8488
559653.6240 96303.6545 240.8993
559653.7295 96306.1246 240.9473
559654.0433 96311.0675 241.0373
559654.6414 96318.4851 241.1184
559655.4335 96327.6349 241.1732
559656.2257 96336.7847 241.3159
559657.0178 96345.9346 241.3300
559657.8100 96355.0844 241.5079
559658.6021 96364.2342 241.6203
559659.3942 96373.3840 241.7773
559660.1864 96382.5338 241.8673
559660.9785 96391.6837 241.9627
559661.7707 96400.8335 242.0961
559662.5628 96409.9833 242.1593
559663.0872 96417.4011 242.1940
559663.2901 96422.3452 242.2877
559663.3089 96424.8166 242.3367
559663.2531 96427.3026 242.3037
559662.9744 96432.2733 242.2328
559662.5658 96437.2430 242.2079
559662.0945 96442.2123 242.2293
559661.1740 96451.3225 242.1931
559660.2534 96460.4326 242.2079
559659.3329 96469.5428 242.2269
559658.4123 96478.6530 242.2301
559657.4918 96487.7631 242.2689
559656.5712 96496.8733 242.3472
559655.6953 96505.8224 242.4396
559654.8194 96514.7716 242.3650
559653.9436 96523.7207 242.4297
559653.0677 96532.6699 242.3436
559652.1918 96541.6190 242.1395
559651.3552 96549.0495 242.0514
559651.0209 96551.5123 242.0554
559650.6372 96553.9626 242.0687
559650.1845 96556.3954 242.0823
559649.6365 96558.8041 242.0999
559648.9846 96561.1413 242.1314
559648.2403 96563.4550 242.1744
559647.4286 96565.7517 242.2259
559646.5684 96568.0361 242.2834
559644.7562 96572.5817 242.4051
559641.9278 96579.3721 242.5521
559638.3542 96587.8506 242.7021
559634.7805 96596.3291 242.7277
559631.2069 96604.8076 242.9155
559627.6332 96613.2861 242.9376
559624.3243 96621.2079 242.9330
559621.0154 96629.1296 242.9320
559617.7066 96637.0514 242.9341
559614.3977 96644.9731 242.8930
559611.0888 96652.8949 242.8409
559607.7799 96660.8166 242.9051
559604.8517 96667.5585 242.9481
559602.7832 96671.9926 242.8838
559601.6839 96674.1757 242.8703
559600.5223 96676.3361 242.8977
559598.0683 96680.5888 243.0254
559594.2122 96686.8768 243.2378
559588.9483 96695.1976 243.2843
559583.6843 96703.5183 243.4517
559578.4204 96711.8391 243.4585
559573.1564 96720.1598 243.4326
559567.8925 96728.4806 243.4273
559562.9833 96736.3016 243.2735
559558.0742 96744.1227 243.1400
559553.1650 96751.9437 242.7610
559548.2558 96759.7647 242.4338
559545.6136 96763.9145 242.3482
559542.9150 96768.0136 242.0784
559541.5260 96770.0278 241.9216
559540.0952 96772.0045 241.7728
559538.6061 96773.9291 241.6308
559537.0369 96775.7820 241.4756
559535.3746 96777.5428 241.3099
559533.6326 96779.2324 241.1248
559531.8325 96780.8700 240.9377
559529.9907 96782.4702 240.7591
559526.2280 96785.6000 240.4342
559520.4890 96790.2100 239.9680
559512.8003 96796.3250 239.3691
559505.1116 96802.4400 238.5687
559497.4229 96808.5550 237.7869
559490.2407 96814.3157 237.2527
559483.0585 96820.0765 236.9402
559475.8763 96825.8372 236.7048
559468.6941 96831.5979 236.3585
559464.8230 96834.6028 236.2388
559462.8663 96836.0706 236.1515
559460.8874 96837.5020 236.0597
559458.8774 96838.8826 235.9787
559456.8249 96840.1935 235.9077
559454.7362 96841.4108 235.8537
559452.6055 96842.5592 235.8537
559450.4440 96843.6573 235.8537
559446.0610 96845.7552 235.8370
559441.6328 96847.7795 235.7981
559434.9560 96850.7598 235.7399
559427.3652 96854.1074 235.9633
559419.7745 96857.4549 236.1608
559412.1837 96860.8025 236.3926
559404.5930 96864.1500 236.7111
559397.0022 96867.4976 237.2309
559392.5758 96869.5147 237.5348
559390.3887 96870.5544 237.6858
559388.2305 96871.6285 237.8357
559386.1140 96872.7524 237.9841
559384.0566 96873.9467 238.1113
559382.0812 96875.2386 238.2117
559380.2179 96876.6641 238.3008
559378.4816 96878.2618 238.3969
559376.8585 96879.9944 238.5006
559375.3181 96881.8254 238.6130
559373.8369 96883.7271 238.7117
559372.3976 96885.6787 238.8012
559369.5964 96889.6740 238.9603
559365.1521 96896.2961 239.2845
559360.7078 96902.9183 239.4474
559356.2634 96909.5404 239.8132
559351.8191 96916.1625 240.2111
559346.6569 96923.7699 240.7576
559341.4947 96931.3774 241.1971
559336.3324 96938.9848 241.8471
559331.1702 96946.5922 242.5716
559328.4838 96950.6820 242.9598
559327.1752 96952.7446 243.1705
559325.9032 96954.8259 243.3922
559324.6820 96956.9333 243.6054
559323.5306 96959.0764 243.8106
559322.4645 96961.2623 244.0266
559321.4681 96963.4839 244.2524
559320.5227 96965.7315 244.4727
559319.6137 96967.9979 244.6708
559317.8653 96972.5662 245.0905
559314.6465 96981.3896 245.8407
559311.4276 96990.2131 246.4318
559308.2088 96999.0365 246.9862
559304.9900 97007.8599 247.4436
559301.7711 97016.6834 247.6032
559298.5523 97025.5068 247.6195
559295.9784 97032.3889 247.6691
559293.2823 97039.2206 247.7398
559291.3341 97043.7756 247.8154
559288.2848 97050.5562 247.9327
559284.6341 97058.4317 248.0624
559280.9834 97066.3071 248.2123
559277.1120 97074.5498 248.4973
559273.2406 97082.7925 248.7770
559269.3692 97091.0352 249.0678
559267.3223 97095.5398 249.3399
559265.4145 97100.0615 249.6717
559264.5585 97102.3343 249.7816
559263.8062 97104.6197 249.8417
559263.1989 97106.9229 249.8703
559262.7912 97109.2504 249.9066
559262.6279 97111.5801 249.9542
559262.6602 97113.9336 250.0069
559262.8351 97116.3046 250.0629
559263.1123 97118.6882 250.1200
559263.4617 97121.0806 250.1741
559264.2936 97125.8820 250.2702
559265.8984 97134.0684 250.3316
559267.5032 97142.2547 250.1898
559269.1080 97150.4411 249.8758
559270.7128 97158.6274 249.4406
559272.3176 97166.8138 248.9431
559273.3542 97171.5929 248.6068
559273.9213 97173.9668 248.4324
559274.5389 97176.3247 248.2264
559275.2261 97178.6607 247.9859
559276.0074 97180.9960 247.7312
559276.8597 97183.3090 247.4749
559277.7635 97185.6058 247.2077
559279.6703 97190.1682 246.5780
559282.6524 97196.9743 245.5217
559286.6828 97206.0381 243.9670
559290.7131 97215.1019 242.3050
559294.7062 97224.1885 240.6776
559298.6993 97233.2750 239.3939
559300.7331 97237.7880 238.7443
559302.8526 97242.2344 238.0960
559303.9731 97244.4106 237.7638
559305.1580 97246.5369 237.4536
559306.4330 97248.5934 237.1419
559307.8321 97250.5536 236.8116
559309.3963 97252.4114 236.4558
559311.0864 97254.1719 236.0811
559312.8675 97255.8620 235.7102
559314.7134 97257.5024 235.3451
559316.6046 97259.1083 234.9726
559320.4689 97262.2590 234.2140
559327.6717 97267.9649 232.7733
559334.8745 97273.6708 231.3049
559342.0773 97279.3767 229.8131
559346.0202 97282.4366 228.9734
559348.0060 97283.9252 228.5067
559350.0087 97285.3665 228.0410
559352.0366 97286.7382 227.5741
559354.1008 97288.0102 227.0896
559356.2164 97289.1420 226.5575
559358.4031 97290.0804 225.9947
559360.6783 97290.7823 225.4202
559363.0247 97291.2905 224.8353
559365.4228 97291.6583 224.2395
559367.8577 97291.9264 223.6211
559370.3183 97292.1247 222.9944
559372.7966 97292.2756 222.3619
559377.7844 97292.4945 221.0867
559386.5548 97292.7845 218.9000
559395.3252 97293.0745 216.9931
559404.0868 97293.3987 215.1018
559412.8483 97293.7228 213.5017
559417.8387 97293.8461 212.9054
559420.3265 97293.8658 212.7251
559422.8063 97293.8388 212.5515
559425.2749 97293.7449 212.4088
559427.7279 97293.5568 212.4516
559430.1593 97293.2386 212.4973
559432.5145 97292.7723 212.5391
559434.8490 97292.1803 212.5686
559437.1683 97291.4967 212.5933
559439.4768 97290.7472 212.6008
559441.7776 97289.9512 212.5876
559446.3650 97288.2734 212.4474
559453.9909 97285.3527 211.7686
559461.6168 97282.4321 211.0241
559469.2427 97279.5114 210.0935
559478.3969 97276.0290 208.8256
559487.5512 97272.5466 207.6924
559496.7054 97269.0642 206.4834
559503.5181 97266.3421 205.7530
559507.9995 97264.3955 205.3830
559510.2148 97263.3532 205.2782
559514.5965 97261.1621 205.0464
559521.1040 97257.7330 204.7549
559529.2543 97253.3185 204.4816
559537.4047 97248.9040 204.1911
559545.5550 97244.4896 203.9310
559553.7053 97240.0751 203.6724
559561.8557 97235.6606 203.4001
559570.0060 97231.2461 203.1672
559578.1563 97226.8317 202.8769
559586.3067 97222.4172 202.5547
559594.4570 97218.0027 201.9742
559600.9580 97214.5575 201.3495
559605.3269 97212.3340 200.8539
559607.5308 97211.2633 200.6550
559609.7735 97210.2195 200.4349
559614.2985 97208.2151 199.9333
559621.1387 97205.3194 199.2526
559629.1500 97202.0055 198.6302
559637.1612 97198.6916 197.8709
559645.1725 97195.3777 196.7611
559653.1837 97192.0638 195.9029
559661.1950 97188.7499 194.7605
559669.2062 97185.4360 193.3904
559674.9417 97183.1051 192.6423
559680.6772 97180.7742 191.9158
559685.2978 97178.9958 191.2478
559687.6282 97178.1417 190.9467
559697.0115 97174.8903 189.6815
559705.9133 97171.9263 188.6357
559714.8150 97168.9623 187.6983
559723.7168 97165.9982 186.5325
559732.6185 97163.0342 185.6273
559741.5203 97160.0702 184.5796
559750.4220 97157.1062 183.6975
559759.3238 97154.1421 183.0196
559768.2255 97151.1781 182.4804
559777.1273 97148.2141 181.7989
559786.5354 97145.1679 180.9443
559794.7505 97142.5769 180.7338
559802.9655 97139.9858 180.5502
559812.3614 97137.0429 180.0175
559821.7573 97134.1001 179.2927
559831.1532 97131.1572 178.5270
559840.5599 97128.2344 177.9048
559849.9666 97125.3117 177.4592
559859.3733 97122.3889 177.3619
559864.0449 97120.8669 177.3106
559866.3624 97120.0711 177.2791
559868.6601 97119.2377 177.2474
559870.9296 97118.3507 177.1848
559873.1600 97117.3891 177.0864
559875.3365 97116.3251 176.9654
559877.4603 97115.1283 176.9006
559879.5296 97113.8280 176.8531
559881.5594 97112.4524 176.7584
559885.5426 97109.5557 176.4417
559891.4223 97105.0297 176.0112
559897.7525 97100.0511 175.8230
559904.0827 97095.0726 175.4975
559910.4129 97090.0940 175.3142
559916.7431 97085.1154 174.9831
559923.3811 97079.9338 174.6106
559930.0190 97074.7522 174.2187
559936.6570 97069.5706 173.9111
559943.2949 97064.3890 173.3226
559949.9329 97059.2074 172.7555
559955.7402 97054.5801 172.0997
559959.5475 97051.4228 171.8015
559961.4150 97049.8032 171.5970
559963.2347 97048.1612 171.3570
559966.8027 97044.7966 170.8481
559972.0591 97039.6416 170.2537
559978.4229 97033.2719 169.5961
559984.7866 97026.9022 169.0939
559991.1504 97020.5325 168.8336
559997.5142 97014.1628 168.6240
560003.8779 97007.7931 168.6275
560010.2417 97001.4234 168.7543
560016.7735 96994.9273 169.0146
560023.3052 96988.4312 169.1663
560029.8370 96981.9351 169.1483
560036.3687 96975.4390 168.9605
560039.8266 96971.9560 168.9129
560043.2250 96968.4300 168.8367
560044.8825 96966.6370 168.7822
560046.4961 96964.8123 168.7212
560048.0485 96962.9435 168.6845
560049.5169 96961.0142 168.6409
560050.8824 96959.0118 168.5919
560052.1640 96956.9489 168.5370
560053.3844 96954.8418 168.4781
560054.5608 96952.7032 168.4467
560056.8305 96948.3658 168.3906
560060.1350 96941.7876 168.3139
560064.5004 96932.9875 168.2218
560068.8659 96924.1873 168.3013
560073.2313 96915.3872 168.3914
560077.6159 96906.5972 168.3558
560082.0004 96897.8073 168.5084
560086.3850 96889.0173 168.5650
560090.7695 96880.2274 168.6608
560095.1541 96871.4374 168.8333
560098.3884 96864.8864 168.9593
560101.6227 96858.3354 169.0920
560105.8554 96849.6384 169.1633
560110.0882 96840.9414 169.1266
560112.2414 96836.6433 169.0467
560113.3455 96834.5361 168.9988
560114.4809 96832.4777 168.9719
560116.9090 96828.6083 168.9174
560118.2478 96826.8712 168.8702
560119.7134 96825.3365 168.8039
560121.3514 96824.0778 168.7209
560123.2728 96823.1256 168.6249
560125.3778 96822.4684 168.5258
560127.6158 96822.0256 168.4451
560129.9482 96821.7374 168.3576
560132.3457 96821.5603 168.2653
560134.7863 96821.4645 168.1695
560137.2529 96821.4312 168.0345
560139.7316 96821.4513 167.8940
560142.2110 96821.5244 167.7514
560144.6802 96821.6587 167.6063
560147.1278 96821.8716 167.5077
560149.5409 96822.1905 167.4107
560151.9041 96822.6550 167.3044
560154.1976 96823.3191 167.1847
560156.4103 96824.2290 167.0443
560158.5526 96825.3385 166.9031
560160.6430 96826.5920 166.7789
560162.6960 96827.9478 166.6422
560164.7221 96829.3750 166.4930
560168.7236 96832.3596 166.1563
560174.6528 96836.9932 165.5955
560180.5820 96841.6268 165.0544
560186.5112 96846.2604 164.5688
560190.4950 96849.2711 164.3492
560192.5068 96850.7343 164.2395
560194.5399 96852.1530 164.1298
560196.6033 96853.5092 164.0153
560198.7088 96854.7783 163.9089
560200.8725 96855.9281 163.8195
560203.1052 96856.9316 163.7302
560205.3959 96857.8163 163.6307
560207.7287 96858.6150 163.4907
560210.0915 96859.3524 163.3489
560214.8738 96860.7132 163.0620
560222.1333 96862.6089 162.5973
560229.3928 96864.5046 162.1545
560236.6523 96866.4003 161.7134
560243.9198 96868.3372 161.2757
560251.1872 96870.2741 160.8381
560256.0211 96871.5273 160.5470
560260.8330 96872.6621 160.2574
560263.2230 96873.1403 160.1136
560265.5958 96873.5208 159.9709
560267.9439 96873.7613 159.8298
560270.2576 96873.8057 159.6910
560272.5238 96873.5795 159.5552
560274.7112 96873.0288 159.4244
560276.8519 96872.2118 159.2966
560278.9587 96871.2011 159.1710
560281.0412 96870.0517 159.0470
560283.1066 96868.8048 158.9241
560285.1602 96867.4907 158.8020
560291.2841 96863.3370 158.4366
560299.4254 96857.6606 158.0579
560307.5666 96851.9842 157.8104
560315.7218 96846.3706 157.6492
560323.8769 96840.7570 157.3993
560332.0541 96835.1852 157.2628
560340.2312 96829.6134 157.0494
560348.4452 96824.0751 156.8553
560356.6591 96818.5367 156.7324
560362.7578 96814.3357 156.6514
560366.6995 96811.4390 156.5686
560368.5922 96809.9302 156.5249
560370.4024 96808.3575 156.4926
560372.0971 96806.6955 156.4715
560373.6332 96804.9107 156.4602
560374.9626 96802.9968 156.4218
560376.1362 96800.9623 156.3697
560377.1960 96798.8398 156.3168
560378.1740 96796.6539 156.2634
560379.0943 96794.4234 156.2123
560379.9746 96792.1620 156.1672
560381.6636 96787.5837 156.0703
560384.9366 96778.3462 155.9754
560388.2095 96769.1087 155.9103
560391.4825 96759.8712 155.8448
560394.7885 96750.6617 155.7787
560398.0946 96741.4521 155.7126
560401.4006 96732.2426 155.6465
560404.7066 96723.0330 155.5815
560407.2802 96716.1698 155.5289
560409.1052 96711.6435 155.5168
560410.0786 96709.4078 155.5027
560411.1129 96707.1834 155.4777
560413.3046 96702.7899 155.4046
560415.5929 96698.4399 155.3097
560417.9285 96694.1111 155.2300
560421.7656 96687.0955 155.2168
560425.6027 96680.0799 155.1172
560429.4398 96673.0643 155.0620
560433.2769 96666.0487 154.9946
560437.6887 96657.9455 154.8755
560442.1005 96649.8423 154.8605
560446.5122 96641.7390 154.9089
560450.9240 96633.6358 154.9298
560454.5320 96627.2043 154.8758
560457.0363 96622.9807 154.8461
560458.3439 96620.9048 154.8583
560461.0782 96616.8734 154.8776
560465.3850 96610.9592 154.9002
560471.2697 96603.1656 154.9521
560477.1834 96595.3909 154.9756
560483.0971 96587.6162 155.0409
560489.0108 96579.8415 154.9081
560494.9244 96572.0668 154.8877
560500.8381 96564.2921 154.9245
560506.7518 96556.5174 154.9670
560511.1592 96550.6671 155.0025
560515.4981 96544.7686 155.0350
560518.3152 96540.7588 154.9502
560522.4263 96534.6270 154.9136
560527.8078 96526.3808 154.9148
560532.7126 96518.8018 154.8701
560537.6174 96511.2228 154.8582
560542.5222 96503.6438 154.8815
560546.5800 96497.4762 154.8905
560549.3445 96493.4088 154.9424
560550.7608 96491.4006 154.9668
560552.2115 96489.4181 154.9780
560553.7115 96487.4576 154.9755
560555.2463 96485.5229 154.9592
560558.3842 96481.7049 154.9100
560563.1796 96476.0441 154.8314
560569.1461 96469.1010 154.7027
560575.1126 96462.1579 154.5259
560581.0791 96455.2148 154.2873
560587.0456 96448.2717 154.0211
560593.0121 96441.3286 153.6351
560598.9786 96434.3855 153.3713
560604.9451 96427.4424 153.1326
560610.9116 96420.4993 152.8572
560616.8781 96413.5562 152.6572
560622.8446 96406.6131 152.3773
560626.0094 96402.8195 152.2941
560627.5603 96400.9016 152.2941
560629.0778 96398.9613 152.2941
560630.5487 96396.9898 152.2941
560631.9554 96394.9752 152.2938
560633.2892 96392.8994 152.2648
560634.5584 96390.7802 152.2352
560635.7807 96388.6297 152.2052
560636.9695 96386.4566 152.1748
560639.2838 96382.0681 152.1294
560643.3402 96374.0956 151.9877
560647.3966 96366.1231 151.9545
560651.4530 96358.1505 151.9545
560655.5094 96350.1780 151.9443
560659.5658 96342.2055 151.8632
560663.7079 96334.0924 151.7803
560667.8500 96325.9794 151.7545
560671.9922 96317.8663 151.7974
560676.1343 96309.7532 151.7173
560680.2764 96301.6402 151.6212
560684.4185 96293.5271 151.5401
560688.5607 96285.4140 151.4556
560692.7028 96277.3010 151.5267
560696.8449 96269.1879 151.5967
